30
11
39
24
21
22
27
22
15
21
20
17
20
23
22
21
29
25
15
15
18
37
17
18
18
19
8
15
13
18
18
37
28
25
35
23
27
28
24
21
20
16
2
16
14
19
24
19
20
19
26
20
18
24
15
10
23
26
15
11
17
13
33
23
25
22
22
20
25
30
15
13
14
26
25
18
20
28
23
20
21
27
18
26
13
18
19
15
12
19
24
16
25
20
15
19
25
8
22
26
26
24
29
19
22
22
21
22
27
23
20
25
25
12
26
23
21
18
25
26
33
16
23
27
33
31
20
23
21
23
26
19
17
23
26
19
28
23
18
26
29
20
20
11
16
28
28
31
20
22
11
20
21
31
21
27
24
23
14
19
17
17
21
12
8
18
25
11
12
24
24
18
17
28
20
22
29
9
17
16
21
27
13
27
18
41
26
22
20
20
16
26
34
13
13
39
10
43
22
28
27
22
21
19
32
9
22
13
32
20
19
24
24
14
38
38
30
28
12
23
20
15
24
17
17
19
25
22
10
22
24
23
20
26
27
17
21
21
21
17
26
25
18
27
22
19
22
11
6
20
21
24
21
21
22
12
16
17
22
17
17
25
26
18
17
15
25
19
16
22
16
17
17
27
13
23
17
14
17
23
21
30
18
20
14
29
19
19
2
24
15
20
20
23
34
25
22
24
27
21
24
24
23
26
20
25
21
31
28
22
21
23
28
24
25
19
14
23
19
20
16
26
24
19
24
25
18
21
18
28
28
20
29
17
26
30
31
27
23
26
28
26
22
16
29
17
22
23
23
17
26
16
28
30
14
21
26
20
23
20
16
24
20
20
17
24
19
21
31
26
27
27
23
23
18
8
15
17
25
45
17
22
28
8
12
30
24
16
20
18
20
20
28
20
12
9
22
9
24
24
16
17
19
13
11
23
17
14
21
29
17
16
12
28
33
15
37
29
30
42
22
24
22
18
23
25
25
19
20
25
15
20
23
18
26
20
25
21
25
24
25
27
21
12
25
18
39
20
27
22
24
25
16
22
31
29
14
16
20
33
18
22
32
21
22
29
20
19
17
22
26
23
24
22
19
16
23
24
25
26
22
22
17
21
17
22
17
23
14
25
17
29
15
17
17
21
20
30
29
24
24
18
38
24
33
23
2
24
28
17
27
28
19
28
26
22
20
20
28
20
24
27
22
30
24
29
19
18
27
26
23
26
21
18
24
23
36
17
24
20
27
17
19
14
27
20
19
26
26
18
20
34
19
17
21
9
35
27
18
23
31
24
27
23
23
22
22
30
16
25
21
13
28
23
24
22
20
30
35
22
23
19
17
19
13
22
21
24
12
27
19
11
37
26
17
25
39
28
24
28
37
41
17
42
33
30
25
25
28
18
18
19
24
22
29
22
25
26
28
29
31
24
27
25
26
19
26
29
28
28
10
27
33
26
20
18
14
23
21
28
7
21
23
21
25
16
40
30
21
22
19
40
43
26
29
27
23
17
20
13
16
25
29
21
31
29
4
18
20
20
24
25
30
29
29
29
27
22
22
24
12
41
23
10
25
17
29
21
25
18
24
22
22
21
25
23
27
25
16
19
26
19
21
23
19
13
22
26
24
19
20
19
17
23
42
29
25
30
25
24
16
25
18
22
35
22
22
25
22
26
22
35
18
17
20
24
17
22
22
23
26
11
26
25
29
5
15
20
16
18
16
38
31
21
15
2
20
25
21
29
23
17
20
26
26
29
25
19
26
26
15
19
20
23
24
28
20
27
23
24
28
19
25
29
30
32
21
29
25
18
20
34
34
20
23
23
22
35
24
16
23
17
30
19
22
25
20
15
25
25
18
20
25
26
28
20
26
26
26
20
27
22
24
22
17
18
22
23
33
17
27
27
23
18
15
19
39
30
14
23
12
23
34
18
18
18
27
35
26
24
17
14
21
27
25
24
14
24
28
19
26
29
19
26
27
19
28
11
23
26
20
8
24
20
19
11
32
15
8
11
21
19
20
32
20
35
30
16
17
26
24
23
23
23
18
23
23
19
16
27
43
29
38
2
23
22
22
20
22
25
20
22
29
12
28
21
29
15
21
19
21
24
25
19
34
23
24
19
27
14
17
19
18
19
26
39
15
16
31
31
23
16
28
22
24
20
22
22
13
18
14
9
12
20
20
23
25
20
20
14
21
21
20
14
20
24
15
18
14
24
12
22
25
29
15
20
25
28
33
26
32
10
19
31
27
2
28
22
20
11
15
19
19
18
33
23
25
23
22
24
32
20
17
18
12
26
21
17
23
31
20
41
10
32
17
39
2
18
19
21
30
19
28
16
18
28
20
25
23
