5
7
29
1
124
11
4
4
19
5
8
204
20
11
87
11
14
85
5
250
2
20
128
43
64
11
5
15
1
1
6
7
26
6
49
16
3
10
14
49
14
15
1
2
1
1
2
5
4
1
8
36
2
25
1
1
1
16
2
68
1
5
3
13
5
23
39
1
90
27
9
1
7
9
6
148
1
31
1
5
1
1
1
8
1
2
1
55
2
22
6
24
2
1
7
149
1
1
9
12
35
6
3
1
52
73
143
13
1
2
32
47
70
14
5
67
5
35
37
45
10
6
96
89
104
16
14
23
1
2
7
68
37
11
7
9
8
2
2
3
15
20
19
8
48
31
24
4
1
5
66
14
26
50
158
3
4
26
95
34
31
3
9
14
8
3
66
5
15
132
8
3
20
1
1
30
6
16
5
4
9
17
31
147
32
1
8
34
10
66
2
42
16
27
8
48
51
78
68
62
21
16
152
108
6
66
43
3
12
11
23
1
47
27
39
47
11
13
13
18
77
36
14
20
10
46
32
4
6
17
23
3
1
7
5
2
50
1
16
18
1
15
12
28
40
9
22
81
15
1
52
34
30
33
11
8
31
16
44
6
14
21
41
20
10
40
40
41
53
4
36
105
7
11
21
4
25
1
1
14
50
29
22
18
11
46
21
5
16
62
2
2
16
1
18
2
31
5
8
2
3
2
7
1
51
25
1
1
22
17
30
1
3
82
15
17
2
6
2
1
3
17
48
35
4
24
3
4
1
13
21
2
17
13
18
36
1
11
16
3
9
1
12
1
21
71
8
46
40
1
9
10
3
24
7
3
6
6
38
34
1
2
16
4
9
9
9
10
4
3
7
106
4
18
3
3
2
16
13
5
17
6
53
8
11
1
2
1
1
18
20
8
3
1
2
4
37
3
3
3
14
1
40
6
3
1
5
1
1
5
3
17
2
21
17
19
1
7
16
62
1
19
8
1
4
4
25
2
35
41
1
5
10
37
18
12
2
2
1
5
10
2
7
4
23
26
29
5
6
2
3
32
28
5
22
44
2
1
57
35
25
13
2
4
5
4
15
11
15
3
23
20
19
2
4
2
2
5
79
5
55
2
10
31
31
10
27
10
8
13
30
7
2
14
7
8
5
49
15
3
76
7
7
20
4
3
10
2
3
3
32
3
31
21
13
11
24
2
23
77
15
14
22
6
3
3
28
1
2
4
2
23
1
7
3
16
10
11
3
16
12
11
8
193
5
2
15
10
53
3
37
18
3
12
7
21
13
18
18
30
7
5
4
7
14
31
9
49
2
41
5
2
11
3
4
11
33
2
1
33
1
1
2
1
1
4
7
13
7
47
43
12
15
12
55
58
17
5
6
16
6
7
13
9
23
4
7
5
18
1
1
4
3
20
4
1
11
3
5
3
36
19
11
2
68
1
23
2
1
1
7
7
2
3
19
1
85
9
7
3
24
11
41
10
8
1
11
45
6
8
1
3
12
3
6
8
4
5
1
6
1
21
2
52
16
20
61
13
2
22
21
2
4
23
10
29
4
15
4
2
19
16
6
2
36
1
14
1
12
9
1
2
8
6
9
4
34
7
16
3
3
2
6
1
7
1
5
28
2
5
24
20
6
2
4
7
4
17
6
1
4
1
13
26
7
7
4
1
52
2
51
9
1
1
1
11
31
2
6
2
5
3
2
12
1
3
5
1
20
2
5
1
19
3
3
72
15
36
17
19
13
7
3
17
1
7
1
3
1
1
2
2
1
17
14
33
17
4
3
6
5
67
21
9
9
2
6
93
5
7
6
18
1
5
7
6
3
6
9
24
10
3
12
7
28
34
35
1
27
1
2
1
1
1
1
1
1
6
5
12
17
7
9
3
26
2
10
2
21
19
2
5
13
8
7
3
5
8
64
6
7
1
2
10
15
14
1
4
16
2
1
21
2
2
5
19
2
2
5
30
14
3
2
6
3
7
3
2
6
3
4
4
13
4
3
2
7
7
8
1
2
3
14
2
2
12
20
2
25
34
9
7
1
9
5
6
19
26
1
10
31
12
46
19
1
7
8
12
15
18
4
4
22
11
27
34
2
7
3
3
2
4
1
4
4
4
10
7
2
2
2
15
6
16
8
4
2
23
6
5
4
9
2
3
10
2
10
1
1
5
7
4
1
2
10
9
1
9
8
2
54
15
1
3
3
6
9
14
2
23
8
11
5
5
31
4
6
12
2
5
2
6
15
1
5
6
7
2
1
4
1
1
37
11
60
12
18
3
9
2
5
3
5
5
1
6
1
4
2
2
17
2
11
25
4
1
4
1
12
1
5
4
2
1
2
8
19
2
1
1
4
26
6
5
2
2
24
3
20
1
5
7
6
11
5
9
27
4
2
22
4
2
7
2
2
1
11
7
4
6
4
2
4
6
6
1
2
1
7
1
21
2
1
10
6
15
29
3
4
3
4
7
1
9
2
2
6
2
14
3
7
5
7
4
7
2
1
2
8
5
5
5
1
1
12
4
3
4
3
13
8
2
2
1
2
2
10
3
3
7
1
19
35
22
2
4
3
1
1
3
14
5
3
4
22
8
4
19
6
1
5
9
4
1
22
4
2
1
2
1
5
1
1
1
1
13
1
14
1
1
2
2
8
4
3
1
1
4
2
12
15
1
2
15
13
2
1
2
2
10
2
1
4
2
11
29
2
6
4
5
18
3
2
6
5
1
2
1
1
1
1
2
4
18
1
2
2
1
3
5
1
1
1
2
1
2
1
11
1
1
1
1
1
1
1
1
3
9
3
2
1
4
3
3
1
2
4
2
1
9
5
2
4
3
3
2
2
2
2
1
3
4
1
1
1
3
7
17
2
2
1
3
1
2
4
2
2
9
22
3
1
1
13
1
3
2
3
3
2
20
4
3
4
7
3
3
2
1
1
2
1
4
3
2
5
2
4
3
3
1
1
1
1
2
9
2
4
2
2
1
12
3
1
5
7
2
3
1
1
5
5
3
2
1
2
4
21
4
4
2
2
1
3
1
4
20
1
1
1
2
5
1
2
6
4
4
1
6
4
6
1
4
1
2
1
1
1
4
12
1
5
4
1
3
1
2
2
3
3
3
4
5
3
1
3
2
2
1
1
1
2
4
2
1
1
1
1
2
1
2
2
2
1
2
5
2
1
26
1
1
7
2
2
4
1
1
1
1
4
7
3
4
3
2
4
3
5
3
3
20
1
15
10
2
2
7
11
12
1
11
4
5
6
1
1
1
2
6
4
2
5
1
2
4
2
2
1
1
5
1
1
2
4
3
1
1
1
10
3
15
1
2
1
1
9
2
11
1
4
9
5
1
4
5
1
3
1
1
4
3
1
1
4
8
2
6
10
1
2
1
2
1
14
4
2
1
21
2
2
5
3
1
1
1
16
2
8
2
4
10
2
3
2
2
3
6
3
1
1
2
2
4
2
7
2
8
2
9
1
11
7
4
3
1
7
23
1
1
5
4
10
14
2
1
3
1
2
1
4
1
1
2
3
1
1
6
1
1
1
2
6
3
5
4
3
1
3
1
4
3
19
2
1
2
1
3
2
2
2
9
4
3
1
1
1
1
1
1
1
11
1
7
11
1
2
2
1
1
1
1
2
3
3
2
1
3
1
3
2
1
2
4
4
8
5
2
1
6
6
6
9
7
4
2
1
1
2
1
17
3
3
1
9
1
1
5
1
9
3
4
8
14
1
2
1
3
3
1
7
1
1
1
1
1
5
2
4
18
1
1
1
4
1
4
1
3
2
3
6
3
2
10
5
6
2
3
8
2
8
4
8
1
2
2
1
2
6
1
7
4
3
12
5
1
1
13
3
1
1
3
2
2
4
2
2
6
1
1
2
2
1
4
11
1
1
1
2
1
1
1
2
3
5
2
1
2
3
2
5
9
3
2
4
6
5
2
1
1
1
4
3
1
2
2
1
1
3
2
1
4
1
9
1
3
1
1
3
5
4
3
3
1
2
1
2
1
11
2
2
3
2
2
1
5
1
5
1
1
3
1
2
16
7
1
5
1
1
6
1
1
5
4
1
2
2
4
5
6
3
2
6
15
3
1
10
8
2
2
2
3
2
5
3
1
1
1
1
3
6
2
1
4
2
3
1
6
1
1
3
2
2
1
5
2
3
2
1
1
1
1
1
1
3
4
2
5
7
5
6
2
2
8
2
4
9
1
7
5
1
1
2
7
2
2
1
4
6
2
1
3
1
2
4
5
4
1
15
1
2
2
5
1
2
2
1
1
7
2
5
8
3
3
2
1
10
2
8
6
36
6
1
4
6
1
2
1
2
1
1
5
2
1
5
5
6
5
4
2
1
13
5
1
4
2
1
2
1
1
2
1
1
2
4
2
3
1
1
5
1
1
3
5
1
1
1
1
7
7
1
2
2
1
7
1
1
1
8
4
4
1
1
5
2
2
2
3
1
5
3
2
2
4
2
6
6
1
1
12
1
1
3
2
5
1
1
2
2
1
1
1
2
4
4
2
1
4
1
1
1
1
2
1
1
1
2
2
1
1
1
1
1
1
5
2
2
2
2
1
1
1
1
1
1
1
1
1
3
4
1
1
1
1
1
1
1
1
1
7
3
2
1
3
5
1
1
3
2
2
1
1
1
2
1
1
1
2
1
2
2
4
2
1
10
1
1
1
2
4
2
2
1
1
1
2
4
2
6
1
2
1
1
1
1
2
4
1
2
1
1
1
1
3
1
1
1
3
3
1
2
1
3
1
3
2
1
5
4
1
1
7
1
3
3
1
5
1
1
1
6
2
4
4
1
1
2
2
1
1
1
1
2
1
1
1
2
1
3
1
1
3
1
11
1
1
1
1
2
1
1
1
2
1
3
3
1
1
1
2
3
2
1
1
2
2
16
1
6
1
3
1
3
2
1
1
4
1
3
2
3
1
1
4
2
3
1
5
3
1
2
1
1
1
2
3
14
3
1
1
1
1
1
1
2
1
8
4
3
2
1
1
1
1
1
2
2
1
2
1
3
1
2
3
1
4
3
3
1
1
1
4
3
1
1
1
1
2
1
3
3
7
1
10
1
1
1
1
4
1
1
1
3
4
3
2
3
5
2
2
1
1
8
2
7
2
2
6
1
1
1
2
1
1
9
1
3
1
4
2
2
1
1
1
3
8
3
5
10
3
1
1
5
2
1
1
2
1
6
3
1
2
1
1
3
5
2
1
6
5
2
2
1
2
1
2
2
1
1
1
1
2
3
2
2
2
3
1
3
2
2
3
3
1
2
3
4
1
1
5
3
1
1
3
2
3
1
2
1
2
1
1
15
3
2
1
2
3
3
2
3
1
2
1
1
1
1
2
1
1
2
2
1
1
1
1
1
2
2
4
1
1
1
1
6
4
7
2
9
1
2
1
3
1
2
1
1
5
3
2
1
1
1
1
1
2
2
6
2
1
1
1
3
2
4
2
1
3
3
1
4
1
1
2
2
1
1
1
2
1
3
2
3
2
2
1
1
2
2
3
2
2
1
3
4
2
2
1
1
1
2
2
1
2
1
1
1
4
1
1
1
1
4
3
1
2
11
5
1
1
1
1
1
1
1
1
2
2
1
4
2
1
2
1
2
3
1
2
3
2
2
1
1
1
1
2
2
1
3
3
1
1
1
1
1
2
4
2
1
1
2
2
1
1
1
1
1
1
1
1
1
1
13
13
3
3
2
1
1
1
2
2
3
1
2
1
8
2
3
1
1
1
1
1
1
1
1
4
1
1
1
2
2
3
1
2
2
1
4
2
1
1
2
1
1
1
2
2
5
1
1
1
1
1
1
1
1
2
2
2
2
1
1
1
3
1
1
1
4
4
1
1
1
1
1
1
1
2
1
2
7
1
2
1
1
4
1
1
2
1
2
2
3
1
4
1
4
2
2
3
1
3
5
2
2
1
1
1
1
1
1
2
1
2
2
1
1
1
1
2
3
1
3
1
1
5
2
2
1
2
8
5
2
2
2
1
1
2
1
2
1
3
5
4
1
2
1
1
2
4
4
2
4
2
1
1
2
3
1
2
4
7
2
1
1
1
1
2
1
1
5
1
1
1
4
5
1
1
1
1
1
3
1
3
2
2
1
1
1
2
1
1
1
1
1
1
1
1
2
1
1
1
1
1
1
3
1
2
2
1
2
1
2
2
5
1
1
2
1
2
1
2
1
1
1
2
1
1
1
1
1
1
1
3
1
1
1
1
4
1
3
2
2
1
1
3
1
1
3
1
1
2
1
2
1
1
2
1
1
1
1
2
1
4
2
1
1
1
1
1
1
1
1
1
1
2
2
3
2
1
4
1
7
1
2
2
1
1
1
1
2
1
1
1
1
1
1
1
2
4
2
6
1
2
1
1
1
1
1
1
2
1
1
2
1
3
1
1
1
2
1
2
1
1
2
1
2
1
1
2
4
1
2
2
2
1
1
1
1
1
1
1
1
1
1
1
2
1
3
5
1
1
1
1
1
2
2
2
4
1
1
1
2
1
1
1
8
1
3
1
2
2
1
2
2
6
2
3
1
2
2
2
1
1
3
5
1
1
1
1
1
1
3
1
1
1
1
1
1
2
2
2
1
1
3
2
1
1
2
1
2
2
2
1
1
1
4
1
1
2
4
2
4
4
1
3
3
2
1
1
1
1
1
1
4
1
2
2
1
1
1
2
1
2
1
1
1
2
1
1
1
3
1
1
2
1
1
1
1
2
2
1
2
1
1
2
1
3
4
1
1
1
1
2
1
1
1
2
1
1
1
2
1
1
1
1
1
1
1
1
1
1
1
1
1
1
1
2
4
1
1
1
1
2
1
2
2
1
1
1
1
1
3
3
1
1
2
1
2
2
1
7
1
1
1
3
4
1
1
2
3
4
2
1
1
3
1
1
1
1
1
1
1
1
2
3
2
1
1
1
1
1
1
1
2
1
2
1
1
2
4
2
1
1
1
1
1
1
1
1
2
1
3
2
2
2
2
1
3
1
1
1
1
1
1
1
1
1
1
1
1
1
1
7
3
1
1
1
2
1
2
3
4
4
3
1
1
1
1
1
1
2
1
2
2
1
2
2
1
1
1
1
1
1
2
1
1
1
1
1
3
1
1
2
2
1
1
1
1
1
1
6
1
1
1
1
2
1
1
2
1
1
2
1
1
1
1
1
1
2
1
11
2
1
1
1
1
1
2
1
1
2
2
3
3
1
1
1
2
1
1
2
1
1
2
2
1
1
1
1
1
1
1
2
1
1
1
1
1
2
2
1
1
1
1
1
1
4
2
2
2
1
1
1
1
1
1
1
1
1
1
1
1
1
1
1
1
2
1
5
3
1
1
2
1
1
2
1
1
2
1
1
1
9
8
1
1
1
1
3
1
1
1
3
1
3
2
1
1
1
1
1
1
1
1
1
1
1
1
1
1
1
1
2
1
1
1
1
1
1
1
2
1
1
1
1
3
1
1
1
2
1
2
1
1
1
1
1
1
1
1
1
2
1
1
2
2
1
3
2
1
2
1
1
1
1
1
1
1
3
1
1
2
1
2
2
1
1
1
2
1
1
1
1
1
1
1
1
1
1
1
2
1
1
1
1
1
1
2
1
1
2
1
1
2
1
1
1
1
2
2
1
1
1
1
1
1
1
1
1
2
2
1
1
2
1
1
1
1
1
1
1
1
1
1
2
2
1
1
1
1
1
1
1
1
1
2
1
1
1
1
1
1
1
1
1
2
1
1
1
1
1
1
2
1
1
1
1
1
1
1
1
1
1
1
1
1
1
1
1
2
1
1
1
1
