422
26
2
1819
69
1047
15
63
5357
801
2
512
17
224
3397
3446
283
2607
4857
1130
2601
365
273
674
544
6
709
4984
295
904
511
3381
654
4493
972
2074
1988
216
2028
245
955
2113
1231
1879
19
222
2080
1312
423
48
7539
300
1330
50
1378
3192
572
875
266
37
72
770
388
973
972
240
99
42
650
830
40
2661
237
39
1640
3877
402
414
791
1056
2410
877
522
1227
1221
991
321
147
69
1369
801
358
75
50
17
110
419
265
1
83
1238
1781
40
789
4343
229
153
8
914
1402
1069
1903
2899
1049
6
242
46
342
1625
2264
831
24
372
1173
2614
73
314
5
554
101
112
1180
86
372
192
213
25
63
3862
25
3282
832
234
1
1306
503
123
2891
542
152
184
738
364
114
287
291
1091
1125
2202
64
245
233
92
194
1320
149
1758
1
518
696
14
77
54
323
1361
81
2923
324
4078
150
1
39
551
603
265
109
2080
47
533
11
180
211
3806
2106
260
998
147
39
1285
3393
16
1460
1429
577
1852
154
1814
148
791
1
1950
698
1720
611
24
335
2168
1901
959
622
341
4769
895
606
698
653
296
440
435
932
297
111
1468
18
1639
299
341
121
467
323
19
168
402
302
1039
1429
592
46
464
419
311
1162
21
163
5
139
1545
115
42
434
296
5037
1599
1078
1320
553
4712
722
1158
427
28
334
28
1414
334
55
985
356
564
814
341
137
134
16
227
433
277
810
1383
1487
239
399
292
5
1332
417
932
1431
215
915
2483
2572
378
477
429
160
5747
41
941
2049
464
165
3934
376
384
38
654
43
852
616
470
17
404
524
66
92
1086
952
9
508
335
14
28
9
15
138
523
112
23
37
349
25
1198
103
16
1699
45
16
417
197
55
2008
268
38
168
206
264
115
446
444
98
180
80
395
21
6
46
311
400
186
28
172
72
30
596
1650
128
1510
211
226
345
1
1510
26
41
317
892
338
157
516
194
190
379
75
3
57
3
511
137
713
59
394
401
2351
607
2385
323
56
1126
807
1585
3633
77
520
58
25
363
827
1158
9
542
5
5
312
143
1
7
14
1806
85
3
13
752
122
888
180
107
2443
899
4
305
568
646
1043
77
15
1313
2
207
107
346
123
2
367
34
1404
75
1269
18
1631
333
2446
184
661
1021
164
343
713
218
3302
48
1683
1288
132
186
280
1753
470
1194
206
91
340
220
180
303
72
31
1258
118
1378
5
35
45
381
865
6
29
288
93
148
279
97
128
23
19
541
515
105
35
9
59
221
467
381
876
212
103
1739
159
63
53
843
379
353
92
224
75
223
383
368
4
160
8
154
2
314
7
135
2
457
648
408
159
773
471
291
548
3353
251
1305
279
56
713
72
1512
58
393
144
187
31
293
84
3
2995
455
709
5761
886
842
1519
93
225
129
100
333
318
162
840
1297
298
216
128
12
186
12
232
221
198
1188
37
1011
155
14
31
69
29
169
112
998
21
1661
92
1147
130
25
1
117
38
637
389
192
18
61
1
17
155
456
41
342
1088
330
515
156
318
1220
2223
364
522
458
79
562
82
43
131
265
931
54
691
327
103
22
481
51
286
1056
244
187
340
4303
20
1079
94
1302
41
693
255
589
744
376
133
879
62
3837
193
332
306
1276
536
25
428
167
55
86
19
535
624
84
19
172
156
39
42
2902
153
363
105
100
16
244
84
1
12
1485
308
51
1
107
24
65
76
3044
369
495
832
296
202
3148
616
527
217
12
19
1446
430
86
312
184
103
133
4
64
782
785
170
35
58
236
426
490
89
170
165
224
125
172
328
557
1218
120
182
590
549
190
349
391
500
258
99
147
78
31
158
266
27
359
44
132
249
265
1018
194
258
201
24
244
1405
149
135
273
31
33
1445
28
89
198
48
26
111
33
109
1903
6
23
165
844
646
505
15
86
1
10
1814
132
424
133
261
1
7
657
6
421
41
324
18
144
114
55
225
49
2832
1
147
31
7
4
55
23
12
419
272
1074
84
1281
105
1534
478
78
225
376
291
626
64
337
154
748
274
679
366
239
981
13
304
2
263
39
730
54
83
70
363
317
370
642
8
20
1
1330
436
647
74
219
2
69
351
63
262
229
619
33
86
15
48
272
129
717
3
18
256
110
183
3
51
374
29
668
231
78
225
95
188
109
32
150
257
13
991
170
162
171
150
320
30
144
66
7
213
273
68
36
187
122
3
3
57
3
93
1218
351
60
32
184
339
700
7
853
500
316
821
52
243
38
155
658
200
28
411
770
6
518
397
85
519
162
14
16
21
96
690
33
50
4
221
382
139
93
195
401
193
163
2
1063
39
314
38
30
57
643
230
5
905
52
154
43
28
357
2
456
801
155
131
51
121
439
268
127
3
1
315
238
25
350
266
7
41
865
791
789
262
194
1040
800
84
415
72
260
2841
127
192
469
28
2211
57
365
131
105
1
29
182
144
57
394
1
227
141
147
10
684
172
12
48
862
1
45
38
278
1
405
399
354
94
662
124
96
73
59
1
2218
83
29
21
14
129
28
144
230
54
4
610
129
68
61
139
60
409
182
320
550
200
79
130
119
219
105
50
70
157
43
239
490
58
157
15
641
47
358
564
1
100
256
520
317
501
116
5
305
194
34
289
3
65
4
33
140
281
1
143
238
111
329
473
208
6
142
1
37
145
947
740
798
111
115
2846
63
115
383
241
10
33
188
209
249
122
355
31
421
583
14
1
86
132
13
55
65
28
29
58
17
9
198
411
908
101
22
60
14
34
164
31
374
68
385
24
313
572
76
14
34
187
645
124
2
42
18
130
587
72
63
298
5
151
160
46
292
135
1072
153
3
50
68
443
1
152
7
94
294
6
563
76
775
45
133
4
20
583
348
212
9
2
103
166
326
239
59
884
161
159
98
11
488
36
39
70
5
20
2324
164
1
1
137
1
49
1
194
1201
18
1
2
86
64
12
260
54
156
37
673
9
23
218
93
5
1397
927
72
203
27
136
43
800
16
21
18
790
50
26
135
1401
44
148
203
205
379
1845
1
289
287
129
1
51
1
9
54
1
479
112
151
38
212
307
125
80
116
346
19
2561
4
81
348
17
279
19
3
5
121
67
1
199
176
4
13
191
74
162
181
100
384
1003
28
195
99
220
335
239
27
189
24
701
1
72
94
28
1
3
7
61
745
1
904
6
3
149
1378
97
134
2
560
353
10
381
280
151
2
1
132
261
9
5
63
8
290
139
244
292
188
1
1
314
13
8
214
89
27
56
214
19
261
422
1913
1266
1
4
197
55
305
107
9
147
100
77
148
52
150
103
242
105
251
473
457
73
15
1
77
3
461
236
2
298
61
246
404
5
1
75
548
26
80
347
443
11
36
17
370
5
997
96
37
162
16
33
1396
49
200
409
360
245
578
92
6
67
939
363
275
34
276
1294
53
142
49
896
58
6
126
2
61
170
7
1
430
9
55
105
114
11
220
526
75
143
39
2
175
31
34
291
37
84
117
348
76
813
126
75
10
51
213
582
77
211
494
88
14
244
258
169
18
162
363
7
270
74
266
104
259
512
478
11
107
277
265
112
96
1
1
47
163
1
19
46
236
1
43
120
2
31
1258
1
2
57
72
53
3
104
5284
131
114
87
40
236
287
63
9
690
652
349
548
3
2
12
145
74
73
232
7
1230
337
203
47
102
73
68
1134
49
240
49
15
283
139
281
100
10
42
783
41
61
138
79
353
439
38
12
73
30
147
5
573
210
1005
4
29
6
89
186
2
240
100
552
461
25
3
8
56
107
3
46
98
159
14
576
305
26
375
54
78
389
157
117
133
12
186
38
41
15
214
177
355
40
563
76
52
283
260
23
6
97
211
1201
69
250
30
168
109
345
98
36
1
642
1
73
14
47
173
172
309
34
59
149
288
10
31
391
10
1
101
39
16
37
19
15
87
9
362
63
64
346
225
74
45
51
1
106
50
5
51
46
218
333
58
54
4
59
15
583
226
454
816
1476
79
258
599
25
242
24
367
765
264
17
13
33
531
207
8
13
92
8
62
138
19
25
224
4
3
131
242
111
11
15
53
20
1616
122
58
1150
161
105
6
10
21
100
3
695
108
326
111
48
2
140
852
1
1346
33
19
136
16
313
560
42
59
41
2549
903
110
7
11
294
38
118
30
76
18
25
161
2
3
27
11
4
9
15
7
5
25
163
225
212
387
106
16
238
309
72
16
336
182
7
8
1
1
15
661
272
5
96
21
152
43
60
82
236
53
38
2
47
14
366
262
31
1642
197
74
66
1
1
1
9
2
204
1
65
29
73
1
4
774
1
261
1
33
125
30
1
244
168
1
1
28
1
38
71
52
75
122
421
142
96
391
267
8
14
270
9
1
610
27
82
28
121
117
60
1
28
130
2
1
729
397
1
66
72
395
157
7
2
52
199
11
37
125
99
276
59
54
93
9
506
116
207
19
29
139
22
561
59
281
114
19
103
8
468
23
18
127
49
19
6
1
26
435
4
1172
6
60
150
76
8
145
322
304
1
40
23
6
1
24
2
263
1
370
413
1
71
25
227
61
1
193
17
227
72
6
3
242
9
47
24
120
165
14
22
85
46
24
475
578
10
27
185
436
142
18
6
210
12
68
10
2
5
585
46
105
395
4
50
547
13
4
8
64
8
7
90
8
897
118
1
7
14
46
309
77
1
5
77
309
587
62
2
385
13
145
4
99
264
29
170
63
107
6
5
63
287
122
123
34
200
521
20
105
101
53
94
116
121
1
1232
4
41
32
20
697
107
682
567
233
80
326
97
5
71
2
213
37
8
21
49
5
127
66
290
112
53
82
102
176
84
754
6
3
67
69
424
237
147
56
9
65
252
43
245
478
26
17
28
60
333
91
70
66
1
79
96
42
108
78
485
2
109
392
73
723
26
1
39
123
56
8
29
43
1
2
18
87
81
129
148
131
28
153
186
1
269
163
445
2
3
2
418
30
133
402
1
155
84
7
21
444
12
152
232
217
28
19
6
1
180
74
2
2
32
26
3
97
39
1
53
42
30
1
37
54
54
4
60
222
138
267
277
9
5
151
85
13
1
30
12
420
216
139
1
56
275
81
98
34
4
45
101
256
5
1
89
2
8
52
166
1
46
138
4
50
22
360
75
61
1
3
189
1345
42
5
258
69
52
131
243
20
652
210
54
2
70
285
574
1
123
2
75
143
32
101
261
4
4
2776
37
28
175
187
8
18
4
7
68
123
62
161
46
19
16
34
57
89
4
41
28
152
356
70
111
136
50
37
36
1049
50
88
52
34
222
55
1
13
3
23
119
30
82
114
141
23
5
231
122
8
431
211
108
164
86
57
62
2
1
3
72
117
688
152
86
61
76
206
166
7
378
33
52
9
147
6
18
4
8
3
584
18
3
54
151
3
59
85
69
106
13
25
54
123
108
22
2
5
318
24
9
19
57
1
183
40
40
1
13
117
3
6
11
8
211
13
1
7
1
1
37
1
74
161
9
1
1
51
37
80
34
229
1
156
115
127
35
6
244
2
56
59
1
95
1
1
121
1
140
233
1
146
90
1
1
2
303
72
17
8
43
29
15
15
74
48
46
2
166
12
141
165
170
44
1
22
201
6
32
287
101
46
47
1
1
2
1
1
39
324
1
203
299
1
29
254
79
4
12
56
23
10
4
73
3
41
12
147
47
13
67
124
14
46
110
58
88
9
69
214
56
11
34
1
7
8
72
218
133
135
69
156
59
8
8
164
1
19
91
55
1
59
78
7
131
22
9
1
41
48
108
31
66
288
178
3
74
88
1
165
97
110
1
15
158
6
3
248
190
193
87
1
38
119
102
25
164
54
2
28
27
3
62
73
1
158
11
8
10
20
38
275
43
329
254
16
283
1
1
28
83
8
32
35
224
1
45
102
150
160
7
30
144
30
1434
6
93
6
22
1
58
30
33
4
26
7
27
4
269
179
22
83
2
136
322
119
186
22
165
1
469
1
28
3
17
74
3
67
16
1
4
33
25
8
125
38
53
12
32
56
15
17
69
3
1
7
13
41
32
5
16
140
73
26
9
68
1
83
1
36
1
30
8
579
1039
75
27
51
77
35
27
40
349
38
1
37
81
46
188
46
187
229
92
2
170
49
3
127
17
54
88
23
52
12
69
175
355
98
10
32
6
31
237
96
26
415
1
190
21
1
872
119
86
21
135
48
8
45
2
1
2
70
37
1
250
47
77
113
73
3
36
13
1
4
21
22
65
1284
2
111
18
8
104
1
333
53
358
54
44
65
201
30
78
67
3
691
4
1
1
6
29
91
45
27
8
2
12
21
46
50
548
69
13
15
54
1
111
46
1
301
275
2
30
45
73
138
342
38
615
38
257
69
15
70
2
92
322
1
3
70
100
5
10
89
137
27
40
34
93
3
69
187
21
124
31
26
1
365
3
116
15
148
54
85
1
25
13
5
161
94
45
28
154
212
72
37
38
25
1
53
1
6
202
28
1529
1
1
1
136
184
6
110
13
5
267
31
134
245
11
27
1
1
35
91
11
3
1048
78
133
243
9
29
51
1
290
103
68
1
4
63
16
1
25
67
247
54
65
7
22
20
26
23
113
46
73
44
59
3
7
4
268
124
17
63
164
3
1
16
25
1
124
37
46
14
7
2
84
162
2
17
18
53
290
5
985
165
48
3
6
7
50
52
101
73
130
216
61
1
1
2
1
2
2
1
73
83
89
123
132
7
590
176
207
82
4
9
15
41
29
2
3
212
118
25
92
25
12
9
5
34
4
1
33
2
10
1
46
5
35
99
50
9
4
26
35
1
31
4
19
1
101
33
17
7
18
11
12
18
2
2
52
310
30
193
165
6
38
631
5
5
22
17
3
3
19
17
38
13
1
22
115
11
255
2
10
33
4
8
21
4
11
5
14
169
56
48
86
227
86
7
26
1
410
28
1
13
1854
261
29
50
2
9
1
48
10
89
4
1
2
110
358
13
7
4
72
12
22
78
17
106
190
9
234
913
28
112
73
42
67
288
30
25
4
21
3
1
5
24
18
24
48
4
98
1
98
160
13
51
39
6
246
166
41
1
13
53
26
32
84
21
63
76
40
45
93
57
2
21
54
42
481
19
174
8
176
13
55
105
141
391
81
100
50
30
25
59
21
6
21
41
42
75
145
62
19
8
1
230
1
1
14
10
2
63
3
23
13
10
33
54
25
34
6
16
29
10
73
155
93
153
3
5
2
104
356
17
13
1126
161
702
54
47
9
20
8
278
58
163
88
1
58
1
46
38
2
13
666
86
14
1
234
135
11
3
7
1
71
45
259
140
1
181
19
34
12
24
284
7
35
57
70
5
46
52
8
13
71
27
1613
22
55
7
4
17
14
8
109
4
116
277
16
33
14
322
102
18
2
14
113
79
64
4
28
57
51
51
51
100
32
3
1
1390
5
1
6
121
3
12
1
3
20
1
235
1
10
19
11
3
25
10
17
2
2
76
2
33
22
1
17
50
13
33
60
2
128
59
1
266
145
1
12
207
964
1
24
17
47
4
47
70
72
12
36
11
59
648
146
31
15
36
15
5
3
188
30
10
11
1
13
117
1
3
181
34
38
1
29
37
4
9
7
2
1
4
16
1
1
3
18
23
10
21
15
155
28
849
1
1
2
39
12
24
8
11
99
8
10
58
150
41
26
1083
3
12
92
4
37
15
1
1
1
6
1
108
7
1
4
19
1
1
4
12
2
40
47
1
20
37
15
3
21
87
1
216
6
15
31
23
4
24
29
4
25
107
2
5
58
1
21
2
72
149
49
9
78
14
21
24
3
5
17
2
12
69
100
9
11
130
4
80
125
125
20
261
10
79
4
102
3
21
20
33
12
1
9
35
21
7
383
1
37
89
87
49
16
98
23
1
26
8
50
50
11
23
20
95
8
2
270
1
2
1
1
16
2
1
121
74
38
1
58
15
1
1475
1
1
2
8
49
40
10
1
18
28
30
6
10
2
9
1
30
3
15
92
59
3
7
11
3
11
41
76
7
46
5
4
59
61
1
1
32
115
34
1
1
489
1
4
7
38
1
31
3
33
1
80
224
14
14
13
138
1
78
1
117
147
85
5
122
181
169
1
18
23
188
7
3
109
9
32
186
4
1
6
41
56
23
1
10
46
41
9
111
430
266
55
4
196
13
49
2
84
1
5
5
10
48
2
10
21
2
168
13
1
1
2
1
86
128
8
1
8
168
1
42
1
95
47
7
3
20
26
3
58
3
2
4
122
2
71
82
149
33
1
5
11
16
1
20
88
54
3
752
23
130
20
310
42
19
52
2
103
9
31
1
42
2
52
31
2
20
64
4
8
148
89
4
1
13
7
44
9
97
90
5
17
153
25
3
17
16
3
30
2
130
37
1
45
1
17
40
207
1
7
3
2
27
44
113
7
19
8
1
1
253
53
4
51
45
144
3
16
4
20
1
14
92
2
3
20
44
83
8
5
14
241
29
380
88
78
128
11
1
494
30
2
2
33
7
26
11
18
239
1
1
1
180
37
144
206
9
12
6
1
8
1
1
5
108
19
16
1
5
103
103
1
1
31
90
8
7
102
15
1
2
1
73
65
1
1
98
8
29
34
89
15
1
1
1
5
1
1
1
3
1
1
1
1
1
3
2
1
74
7
55
37
549
204
25
3
6
3
44
17
20
102
34
50
45
1
4
18
108
20
23
2
3
4
10
42
7
1
43
62
42
79
9
21
15
10
2
31
68
90
68
4
22
2
18
365
4
5
1
4
1
1
1
97
23
15
26
97
30
15
83
62
37
43
20
9
75
8
1
1
247
44
56
38
46
15
1
2
13
32
15
9
14
2
6
33
6
32
3
9
2
15
41
16
1
342
16
10
81
8
7
83
6
19
1
7
5
19
13
1
82
76
47
11
26
4
14
27
74
111
1
1
2
3
12
2
14
22
166
74
4
67
1
29
368
55
24
52
1
2
21
3
263
2
42
12
36
21
11
1
15
19
57
11
2
17
11
20
169
20
5
1
3
23
10
1
1
28
1
1
103
1
33
10
1
5
6
91
14
28
8
5
134
127
1
63
140
88
146
1
20
28
4
2
1
9
2
5
72
2
2
156
3
1
13
1
36
26
4
11
4
15
18
34
4
3
27
48
53
3
20
8
18
3
74
1
12
38
45
3
1
11
11
10
1
1
4
2
1
24
1
1
1
5
1
48
6
1
2
13
224
151
24
16
20
2
1
2
2
37
11
295
31
17
235
14
87
36
58
14
14
208
23
8
46
1
6
57
4
31
5
24
54
11
166
14
59
12
1
4
13
21
2
8
5
1
3
6
52
7
1
4
44
14
102
307
19
456
27
52
1
322
44
5
65
4
209
1
1
1
1
51
6
13
30
4
20
2
34
5
16
90
37
5
21
360
157
1
35
14
1
2
107
17
5
1
37
2
2
7
233
1
12
149
19
8
46
2
12
107
47
39
3
19
8
277
5
5
56
51
68
278
3
4
7
197
22
406
1
24
83
3
1
17
2
80
39
1
8
61
1
4
20
3
1
112
1
20
86
1
158
17
6
104
17
50
40
1
22
52
316
1
39
15
4
1
1
1
26
4
1
6
7
50
40
22
95
255
201
13
78
22
6
9
12
355
1
131
52
35
9
73
24
1
4
88
53
8
129
3
1
21
81
1
3
9
30
6
38
61
14
3
3
1
2
2
114
1
4
11
4
3
2
1
66
185
58
13
71
132
3
6
46
17
37
1
3
13
7
16
29
46
69
71
7
4
8
19
104
5
12
36
4
9
54
195
36
1
7
18
4
14
1
85
94
47
59
70
40
1
15
32
14
1
1
1
17
98
1
16
6
3
70
42
9
6
9
33
18
12
43
23
1
80
6
36
13
13
22
16
28
5
15
109
23
98
2
12
4
1
224
69
74
127
13
43
134
17
1
3
30
52
5
18
1
1
10
181
83
4
2
11
146
8
107
91
1
39
3
32
15
30
1
86
1
23
13
1
1
19
16
1
2
21
24
1
2
17
7
7
96
1
22
63
2
20
20
11
4
179
1
74
9
39
2
14
1
23
4
33
3
9
62
3
2
38
49
103
23
9
26
14
5
10
7
39
1
1
1
14
27
33
105
8
6
17
215
35
44
28
7
46
55
22
5
27
29
63
3
21
14
1
12
113
10
2
1
85
72
47
11
2
54
9
13
1
2
86
17
8
2
86
24
144
209
12
173
3
66
11
13
9
5
12
5
1
21
10
19
1
1
2
3
7
12
47
1
2
4
15
1
107
15
9
11
1
1
14
10
230
1
5
93
1
3
33
106
3
2
11
36
1
3
42
135
73
36
62
12
24
2
150
2
17
12
169
67
28
19
10
3
29
7
57
19
3
8
46
2
5
2
2
5
6
33
3
1
16
1
11
1
20
21
1
4
15
3
3
35
19
137
6
116
17
3
5
8
55
10
104
14
3
35
6
8
32
2
1
4
11
96
23
37
25
21
20
22
11
28
8
7
33
143
20
3
30
47
13
13
1
1
5
9
1
3
1
18
3
9
53
1
37
10
10
46
30
40
42
59
81
10
1
4
6
25
6
25
41
9
295
6
120
20
1
22
9
1
33
36
1
107
25
20
5
18
9
1
3
55
10
7
1
52
18
6
1
5
1
13
145
6
43
18
10
64
490
5
7
30
29
6
1
48
24
1
8
38
43
41
54
4
38
21
7
1
69
34
85
56
1
1
13
31
21
4
15
131
78
11
36
6
32
1
33
3
3
1
2
2
9
43
50
8
2
11
3
46
15
1
49
1
7
1
30
16
5
27
9
7
16
8
11
5
1
17
4
4
155
9
1
3
1
40
48
6
26
23
14
49
2
73
59
10
1
11
88
1
1
1
48
21
2
1
1
1
77
8
1
6
44
12
57
2
37
2
6
1
4
35
13
4
3
50
5
97
1
8
68
16
64
65
1
24
29
1
31
1
63
7
2
65
1
1
2
16
13
28
40
30
1
27
1
2
1
35
7
10
2
5
26
8
4
20
9
7
25
11
50
1
204
8
41
1
5
7
2
7
11
43
63
16
17
3
26
2
4
61
1
1
1
4
1
3
4
1
28
7
169
1
14
8
2
14
5
3
17
1
1
13
1
1
4
11
4
8
6
1
10
11
1
31
7
1
12
1
1
43
1
5
1
1
1
7
1
48
30
129
80
7
147
8
2
12
9
8
34
1
2
7
1
3
8
47
3
9
29
39
11
40
12
26
60
18
6
4
2
4
25
5
48
51
20
2
1
1
181
10
32
64
2
19
10
11
1
7
121
51
12
12
1
2
24
8
40
19
3
11
25
1
19
1
11
84
43
2
50
14
41
24
2
88
28
48
14
3
8
48
5
45
1
1
7
26
41
6
3
1
49
66
4
1
1
2
2
26
214
5
1
7
4
14
30
2
1
6
1
4
54
1
7
54
14
38
34
5
5
5
11
24
12
2
57
9
5
26
6
2
134
2
1
1
5
1
25
75
20
2
5
1
59
1
1
1
4
1
72
46
19
9
298
8
39
39
43
2
5
146
189
4
26
6
2
61
5
2
77
18
2
88
12
8
7
2
5
45
37
10
32
33
14
15
1
7
8
7
4
27
74
1
4
46
6
23
88
16
49
61
1
35
1
1
10
21
13
36
49
1
13
6
25
13
15
19
6
111
1
1
1
254
5
41
8
28
57
32
1
2
104
20
22
1
2
3
22
13
9
20
10
2
18
1
2
6
5
69
19
100
18
12
31
1
3
1
1
1
23
1
15
39
1
6
5
14
19
24
1
6
2
114
5
48
7
131
14
9
66
4
67
2
17
139
5
9
63
35
7
33
33
6
56
6
81
7
51
10
1
4
1
8
1
1
40
1
10
11
16
31
154
5
78
1
19
39
36
8
88
1
23
1
25
10
46
21
12
3
1
15
78
30
45
1
1
107
6
1
14
1
1
1
1
68
5
5
23
11
214
39
16
10
1
1
149
41
5
82
22
1
1
5
3
1
25
5
57
1
114
3
3
14
18
11
81
47
4
7
31
2
9
11
1
5
35
66
2
12
32
2
4
6
11
13
5
1
1
4
5
11
2
42
20
10
4
1
12
2
31
24
2
1
3
4
81
1
1
42
28
6
2
1
38
5
7
2
44
1
16
1
10
52
40
9
1
7
8
137
35
1
171
11
79
2
161
1
5
2
10
106
18
3
2
19
1
1
32
4
6
5
14
31
124
9
64
27
33
14
21
1
33
69
3
5
3
6
4
25
27
17
1
14
23
26
2
10
19
10
4
1
6
1
2
8
6
15
60
2
3
2
1
11
125
135
5
20
5
14
1
3
3
3
7
27
9
4
43
1
1
2
2
1
1
63
1
7
28
43
55
67
6
4
12
1
1
29
4
3
1
1
16
7
1
7
34
5
1
44
26
40
54
140
16
43
20
44
76
1
40
1
3
10
10
3
1
17
166
4
53
2
94
2
95
1
1
3
8
2
2
6
19
5
8
4
1
10
52
78
32
11
1
62
3
1
4
2
19
3
2
3
1
62
12
1
1
29
1
16
1
96
2
1
1
4
3
6
19
52
1
3
1
23
8
3
3
2
114
19
5
2
63
9
118
21
1
7
25
19
22
15
5
33
1
8
6
2
8
1
15
1
97
3
7
3
1
23
46
2
1
1
2
1
1
14
32
1
26
7
21
2
40
30
17
5
1
26
2
2
1
24
1
32
70
5
15
75
8
5
201
3
16
3
186
7
2
13
33
3
1
21
20
50
2
23
71
3
10
8
26
21
19
8
36
4
17
6
6
1
19
1
1
5
8
9
2
4
2
3
14
2
1
52
3
12
2
74
58
1
2
1
2
33
32
86
9
123
6
1
7
3
8
1
29
11
283
22
4
55
1
6
100
1
2
11
2
8
17
1
26
1
1
2
1
1
16
19
35
6
8
1
6
12
4
10
1
19
30
24
1
25
1
1
33
2
82
65
248
179
122
1
13
303
19
123
6
5
23
26
27
23
44
1
5
1
5
2
1
10
71
11
9
4
15
5
2
13
51
1
9
6
6
2
37
18
11
22
6
23
7
30
2
78
13
11
7
13
3
15
1
9
3
19
2
2
1
19
51
1
14
1
53
38
23
44
1
5
6
6
3
2
28
7
1
215
2
12
7
3
2
3
1
1
1
13
1
3
7
5
1
4
17
48
3
1
2
10
266
41
18
11
1
1
2
2
2
3
1
11
13
274
19
19
20
2
1
4
5
1
12
1
18
1
38
45
1
2
4
2
54
22
1
1
133
51
2
7
1
37
8
4
48
37
177
8
13
3
49
19
2
1
9
2
73
2
15
25
8
2
32
2
2
32
7
2
1
3
3
22
2
8
1
1
12
41
110
2
24
7
1
5
3
1
9
12
12
1
1
65
1
1
47
3
17
36
1
1
7
2
4
4
6
9
40
107
9
1
9
102
112
2
3
50
1
18
1
1
2
4
1
9
29
4
3
90
2
4
13
9
6
8
98
9
6
2
24
4
3
1
6
1
82
6
1
1
1
28
8
34
5
33
15
46
33
23
52
2
6
35
1
24
14
17
62
1
10
90
1
25
1
1
1
1
61
25
15
30
24
3
2
32
4
3
7
52
4
218
11
26
1
1
7
75
5
5
1
12
3
6
2
11
6
38
3
39
4
9
20
2
1
2
1
7
14
3
1
1
22
2
9
1
1
14
1
34
1
4
1
2
1
24
1
7
29
9
1
22
40
33
4
1
6
4
40
1
1
1
8
12
2
2
3
4
43
7
1
134
1
27
1
72
38
5
1
1
19
36
1
33
4
26
1
28
6
3
22
3
9
9
4
3
4
22
4
22
13
159
1
38
5
3
89
54
25
1
1
1
16
2
3
15
125
1
90
16
9
8
38
5
29
7
4
50
25
38
21
68
56
5
1
1
18
1
1
1
57
30
247
42
22
1
135
56
2
3
1
47
18
14
4
12
16
7
7
41
5
1
8
11
37
28
2
2
15
1
1
1
25
3
41
3
106
9
1
7
1
1
10
31
1
6
1
28
1
2
1
9
1
26
18
11
2
9
4
12
55
11
1
1
2
2
4
7
1
1
27
3
1
71
70
1
1
1
1
5
3
1
1
2
1
53
1
84
1
26
17
1
28
28
6
1
1
1
1
2
1
6
100
14
2
1
52
29
1
66
1
1
5
17
65
4
1
3
1
15
27
33
3
2
4
29
1
7
29
2
13
8
1
3
2
15
14
4
3
1
9
106
1
4
1
96
4
19
2
1
5
3
1
1
15
8
1
41
2
1
1
6
42
3
14
159
5
9
6
15
15
6
1
6
25
6
1
11
1
1
1
17
10
11
5
22
3
1
4
11
31
1
2
1
18
27
1
3
1
1
8
2
22
6
1
1
1
1
18
234
12
7
4
36
2
25
7
2
1
1
9
27
2
51
18
14
1
4
4
18
9
38
1
22
13
1
2
11
4
3
6
3
1
19
32
41
44
15
2
1
12
41
1
5
56
30
11
7
19
3
16
5
1
1
10
14
14
8
1
1
2
4
144
21
20
9
4
1
232
2
4
1
25
13
1
1
1
1
3
1
2
1
1
1
3
15
53
9
15
38
10
1
82
14
82
1
9
1
32
52
1
3
1
5
3
65
1
2
2
4
10
2
17
2
2
2
2
4
1
1
1
1
4
49
1
1
5
1
3
1
3
5
1
5
4
1
7
6
16
20
32
7
17
18
6
1
6
1
24
15
1
7
1
12
13
1
10
57
510
1
1
7
110
23
1
4
1
8
2
8
16
9
64
41
18
72
5
9
17
5
3
12
1
4
3
42
11
5
25
2
9
1
8
11
20
1
5
9
8
1
8
1
4
55
20
8
4
114
4
1
2
8
8
22
1
1
2
6
1
40
3
8
38
1
1
10
1
21
42
26
3
11
1
6
3
6
18
41
3
1
3
17
2
32
3
22
9
1
3
20
22
1
2
3
1
2
1
4
3
7
2
2
1
12
7
2
3
2
5
2
1
7
32
22
10
72
5
5
23
1
1
11
17
17
11
24
27
54
45
1
42
20
1
27
7
41
3
8
8
3
7
6
1
1
1
2
14
1
1
44
15
76
1
13
72
1
3
7
1
4
11
1
3
1
4
20
8
1
37
3
6
2
4
20
6
5
4
3
7
3
5
19
2
1
1
33
1
8
1
4
4
5
1
5
3
10
3
17
13
26
2
39
20
40
11
12
2
7
2
6
10
16
17
1
26
1
1
1
5
12
13
17
7
21
6
1
23
2
1
1
27
4
2
2
9
2
1
16
1
1
5
23
2
1
18
1
1
2
17
1
1
1
2
29
15
29
1
2
37
78
23
1
1
1
1
2
3
1
1
3
1
2
7
3
10
1
4
1
8
2
1
108
21
55
1
1
74
8
5
10
4
12
7
16
3
10
6
25
13
5
19
24
5
53
1
4
2
15
3
1
1
6
5
74
10
4
7
4
7
19
5
2
3
14
14
47
2
7
19
14
6
4
10
2
25
8
6
42
2
1
20
3
41
52
1
1
17
6
1
51
2
4
3
3
5
1
2
1
23
3
15
2
17
2
60
1
1
16
30
1
2
13
5
12
14
2
6
3
209
11
3
39
8
2
4
9
2
1
4
20
1
11
6
9
10
4
18
7
4
4
23
67
1
13
5
1
16
4
42
6
31
7
4
1
1
36
1
3
14
1
6
5
6
11
11
7
1
1
1
47
10
2
3
2
11
323
1
1
51
10
1
2
2
10
119
1
29
7
22
9
2
1
151
1
15
1
7
1
9
1
4
1
52
1
1
201
1
11
2
1
18
3
44
43
3
6
2
10
86
4
7
44
1
3
10
1
44
12
4
4
22
1
1
2
4
5
2
3
88
13
6
2
4
84
31
1
13
14
24
2
4
4
2
1
13
1
2
29
3
2
2
1
46
1
1
18
38
69
38
1
1
1
1
7
28
5
1
1
4
47
5
11
4
1
6
30
3
4
2
10
4
4
43
1
4
1
25
34
83
18
2
19
3
34
3
7
34
1
2
14
171
10
28
1
1
2
8
20
1
21
56
4
5
1
3
7
1
11
6
4
2
1
88
1
1
1
1
11
18
10
1
3
3
15
26
164
5
2
1
23
1
46
2
7
29
12
1
1
6
2
8
18
1
1
1
14
10
1
27
3
13
6
9
1
2
19
110
4
3
18
34
1
31
2
31
1
2
11
21
15
7
17
1
24
8
11
1
14
1
17
19
29
1
5
20
84
1
1
2
1
1
7
1
1
2
31
2
3
1
2
28
14
15
9
66
21
1
6
7
28
2
3
10
5
11
16
1
7
22
1
4
1
9
4
1
3
34
5
8
2
25
2
1
18
10
25
1
42
1
1
330
53
35
7
1
1
9
11
2
9
1
4
11
7
2
1
16
30
2
10
1
1
1
2
1
1192
1
3
11
1
9
2
13
21
3
8
9
25
25
10
8
1
27
1
41
9
7
1
1
1
108
1
2
18
6
49
34
20
2
15
1
5
129
2
2
8
20
1
4
13
1
1
1
1
1
2
1
1
5
1
1
5
13
59
4
1
1
7
1
10
4
2
24
266
13
2
11
6
28
13
1
13
22
90
1
5
1
15
3
36
9
1
4
26
6
1
10
1
2
1
12
2
2
9
4
4
21
29
2
1
7
12
55
83
1
5
3
1
23
7
24
1
56
2
4
1
13
24
32
10
1
17
27
1
7
4
3
37
9
10
8
28
12
5
1
1
1
4
1
1
2
2
64
1
135
1
39
1
5
8
7
1
1
5
4
10
10
40
26
71
18
5
3
8
19
26
4
3
1
1
2
10
44
11
7
13
43
7
94
5
4
30
1
4
1
1
1
19
12
50
17
48
69
1
4
3
5
2
8
13
1
4
25
4
15
7
13
1
1
16
8
68
52
8
3
3
5
6
43
46
7
59
1
1
2
5
8
7
1
8
4
12
5
10
1
4
3
7
2
4
2
12
74
15
8
27
3
1
9
327
3
23
3
7
5
74
10
2
43
24
4
4
21
1
4
7
55
1
59
2
1
3
1
1
4
34
54
1
1
2
49
1
57
1
1
9
4
65
38
45
21
2
55
42
37
1
1
10
16
2
21
55
12
18
19
13
2
9
2
12
43
1
10
20
1
1
15
1
1
3
1
1
34
5
5
16
23
5
2
11
8
11
772
4
3
3
2
409
1
1
1
6
1
3
1
1
3
18
1
49
86
15
8
46
8
38
61
26
1
25
15
1
9
4
1
19
7
3
39
13
1
26
9
9
5
10
57
6
1
1
3
1
6
8
5
2
5
8
13
4
4
2
5
3
21
1
11
3
1
13
8
3
2
6
36
12
15
2
47
27
40
125
1
1
6
12
13
6
25
44
61
6
56
1
13
21
6
6
1
59
48
17
4
1
12
63
19
4
1
1
1
3
8
17
5
1
34
30
1
3
2
19
1
18
1
1
1
18
1
21
24
1
2
22
3
1
1
19
1
2
3
61
38
30
1
1
14
9
118
9
4
1
4
3
6
5
4
17
10
3
3
10
2
14
1
4
58
67
1
2
3
1
1
10
82
7
11
8
5
10
24
32
11
13
9
28
13
1
3
1
1
7
2
8
1
6
12
40
1
2
2
3
1
9
1
19
22
27
20
4
1
1
6
22
23
1
1
72
3
7
12
2
1
35
4
1
1
1
26
13
2
13
20
1
2
2
39
62
2
5
41
38
27
7
12
1
2
876
1
8
7
3
42
1
1
14
4
7
11
22
5
1
1
10
2
106
1
6
10
1
7
28
6
1
19
2
1
1
17
4
2
1
19
8
1
1
8
1
3
30
1
1
1
1
1
1
2
14
1
1
1
5
4
1
1
2
2
2
2
3
2
1
1
13
1
1
1
9
1
11
1
1
353
1
2
3
2
9
1
1
1
60
1
1
27
13
32
1
18
1
1
5
31
6
1
5
91
5
33
8
11
1
1
1
5
8
8
1
6
3
3
1
3
7
1
11
46
73
3
3
6
1
5
8
3
135
4
2
18
1
1
6
6
6
7
1
2
1
2
4
3
20
1
66
1
7
10
1
1
1
21
1
23
4
5
1
7
10
3
2
96
1
2
4
1
26
2
12
23
27
15
16
1
5
14
1
7
19
4
14
6
1
2
2
33
1
1
1
14
9
2
1
2
26
146
15
11
2
3
4
2
45
48
4
3
1
1
1
8
1
1
2
18
1
25
1
1
1
2
11
4
1
35
3
10
16
1
3
1
1
2
1
3
18
4
9
5
99
3
2
1
4
46
24
7
106
23
5
19
3
14
15
7
18
1
2
3
5
18
3
13
1
3
7
1
130
1
1
1
50
7
37
13
2
3
1
6
9
13
9
1
1
1
1
6
4
7
2
2
4
3
7
4
15
1
1
27
3
1
4
18
15
61
6
22
1
19
1
1
1
3
1
31
10
6
2
1
2
3
2
8
4
6
2
1
1
99
21
6
1
8
7
9
1
4
2
103
25
20
1
4
1
32
1
3
8
3
16
20
38
4
1
10
1
1
1
1
1
22
45
1
7
38
4
1
1
7
18
11
11
4
39
1
15
22
2
3
1
2
2
15
7
2
1
1
1
6
68
857
6
96
70
2
16
1
24
1
50
4
2
6
5
119
45
3
3
1
3
18
4
2
3
30
5
21
1
2
16
2
3
1
1
60
1
1
3
6
1
1
52
23
1
6
1
1
1
2
6
1
17
1
8
3
64
7
15
6
1
1
2
13
8
1
2
1
2
8
27
10
3
1
5
1
1
20
5
45
16
1
1
2
1
8
3
1
1
4
33
1
25
2
8
2
1
7
13
19
1
1
22
3
62
1
2
1
3
26
3
1
18
9
1
84
9
1
1
13
1
6
7
1
2
1
1
4
38
2
1
32
12
7
11
5
3
1
1
3
3
5
2
8
1
1
2
3
15
2
1
1
1
9
2
3
1
37
9
1
4
1
1
41
1
15
1
4
1
1
2
2
8
4
4
25
1
1
1
1
1
2
2
19
12
3
10
14
4
4
1
12
24
1
1
8
94
2
1
6
11
8
6
1
20
1
2
1
1
17
36
46
1
2
15
6
8
6
1
13
2
1
2
23
60
8
4
1
8
2
36
39
24
2
1
1
2
1
3
1
12
1
1
1
3
8
3
1
2
67
4
1
1
1
2
1
1
3
1
1
15
23
1
45
231
5
2
9
10
3
9
1
22
21
9
3
10
1
33
1
4
7
3
1
12
1
10
2
13
4
1
58
6
1
1
15
3
2
1
1
2
2
1
2
3
1
20
4
16
2
1
2
1
3
3
3
3
1
1
1
1
5
4
4
2
1
20
14
18
8
1
31
2
6
5
8
10
30
1
16
1
1
25
37
4
5
2
2
2
3
26
22
21
7
2
15
10
20
5
1
1
2
2
9
6
4
1
1
55
9
24
23
6
3
1
5
8
6
3
4
10
3
1
32
2
18
11
3
14
6
1
3
3
5
1
1
6
3
26
1
11
9
4
3
1
1
1
6
1
20
18
2
60
1
1
3
5
3
31
2
1
2
22
4
5
1
1
3
1
4
6
39
4
6
1
7
1
1
92
3
1
2
120
11
4
2
1
2
8
20
1
3
1
55
3
3
13
4
1
1
7
1
1
2
11
1
3
4
1
1
1
2
34
8
77
1
2
1
23
28
3
4
1
1
8
6
1
1
17
11
1
66
85
37
1
1
25
21
3
2
6
1
1
17
5
8
18
2
37
3
18
4
2
17
2
21
1
2
6
7
12
14
10
45
1
46
32
20
23
1
2
1
140
1
4
3
16
2
18
1
1
34
1
1
1
1
12
10
1
1
2
15
2
23
5
2
4
1
39
2
3
4
4
3
21
1
1
24
4
1
32
113
4
1
1
1
2
1
2
3
3
15
31
4
78
5
5
2
2
22
7
11
126
5
2
2
1
7
8
1
15
2
3
2
1
1
1
2
1
1
1
1
1
16
1
1
9
1
2
9
3
9
1
3
1
4
2
2
10
29
7
21
4
2
13
25
5
1
13
11
2
4
1
1
1
10
4
3
2
4
50
2
1
1
10
3
4
30
9
2
3
8
1
39
3
2
12
2
1
2
2
3
16
12
8
13
1
13
94
68
1
10
2
13
1
1
2
2
1
6
24
4
11
4
4
2
2
10
51
1
33
1
6
1
3
10
6
10
1
1
3
2
5
1
1
2
1
1
16
35
10
6
3
10
1
1
47
1
6
1
2
9
2
1
1
7
1
1
1
3
6
3
1
14
1
1
5
1
1
2
8
1
2
11
1
1
1
1
67
1
4
11
1
2
9
24
1
36
11
4
2
3
6
4
6
39
3
1
1
1
26
1
20
1
2
4
11
5
1
7
1
2
8
6
40
1
30
1
3
9
7
2
1
2
6
6
10
23
3
2
1
1
6
42
24
1
4
25
5
2
33
41
1
2
1
6
82
14
7
7
1
1
47
3
8
1
1
13
14
4
1
7
1
2
1
8
51
1
1
2
31
2
6
1
73
1
1
1
1
6
1
19
1
9
1
1
8
1
1
60
20
21
2
1
1
1
8
1
2
9
1
1
2
3
10
1
1
1
9
12
8
2
9
3
2
1
7
1
1
28
1
1
3
1
2
6
13
8
3
6
4
32
1
6
106
1
4
7
17
1
2
2
1
5
2
24
1
61
38
2
2
1
1
1
208
147
28
96
1
2
9
4
7
5
21
4
50
14
45
13
1
1
3
1
1
1
1
2
1
2
86
1
1
1
8
6
29
1
7
1
15
11
2
50
6
17
3
5
1
8
25
15
17
1
1
5
4
10
5
2
23
7
1
1
5
2
7
7
2
1
1
1
1
1
13
3
1
16
1
1
4
2
9
3
2
4
1
1
1
8
27
1
3
1
5
1
18
1
10
11
8
2
1
24
33
10
1
1
51
6
3
7
1
2
1
1
2
16
11
3
4
10
1
28
7
1
16
1
3
1
2
3
8
1
1
7
11
9
2
17
8
3
1
4
1
1
7
16
43
2
15
4
1
3
8
6
11
2
1
1
34
13
17
6
1
7
1
13
1
9
1
1
1
3
3
6
2
41
1
13
3
2
4
9
1
2
59
1
1218
1
1
1
6
14
2
6
5
8
2
26
54
4
24
11
3
1
1
32
2
14
1
1
1
2
1
1
6
28
2
2
2
47
7
10
3
18
6
3
5
11
1
24
1
3
1
1
1
1
7
3
24
6
7
5
1
8
2
55
2
2
2
9
1
11
1
4
7
3
7
29
50
6
1
1
3
3
3
7
1
12
17
119
1
31
48
13
1
1
1
2
2
8
5
1
1
4
1
3
8
9
67
2
5
6
57
7
8
1
3
1
1
8
16
6
26
14
2
1
2
12
1
2
5
13
2
9
1
1
2
4
49
23
1
1
93
1
23
26
16
1
1
3
24
1
54
1
16
13
2
5
5
1
1
2
65
13
43
49
1
6
7
1
1
1
1
18
1
16
14
14
4
20
50
3
1
25
1
18
19
19
1
21
2
26
1
2
1
10
1
1
3
1
9
1
1
6
1
5
15
2
20
44
1
1
2
1
15
9
19
13
1
3
10
1
26
31
7
32
1
8
2
7
14
42
1
2
56
2
1
1
5
3
2
2
7
3
31
1
1
27
2
1
1
6
10
1
2
1
9
1
6
3
16
2
1
1
41
2
1
1
4
11
2
2
16
24
2
10
11
1
10
3
19
22
6
1
1
1
1
6
3
1
2
1
1
1
1
2
1
4
2
1
2
1
2
3
8
1
13
7
1
2
4
6
1
31
7
2
272
2
16
6
2
1
1
1
3
22
1
3
2
3
1
3
2
1
1
2
27
4
2
1
1
2
6
1
9
13
45
1
3
16
1
9
5
1
2
2
1
2
11
49
88
1
1
2
5
4
6
2
4
4
1
2
22
2
12
15
4
2
4
1
3
11
1
2
1
7
1
34
13
5
8
7
36
3
1
7
1
2
10
16
1
3
1
2
10
2
6
1
1
17
9
3
22
8
5
1
3
1
2
1
19
6
7
5
3
1
3
11
1
23
1
1
12
8
3
11
7
14
39
16
4
4
47
1
5
1
2
20
10
8
3
3
20
7
3
5
5
27
56
14
1
2
4
6
12
9
1
6
7
3
24
3
5
9
11
9
8
5
2
5
8
10
6
3
8
2
2
13
1
26
16
2
43
1
18
1
1
5
10
17
1
6
13
3
1
6
12
7
6
1
1
2
1
8
25
2
12
21
2
2
4
27
1
1
3
20
2
38
9
3
1
1
4
2
1
1
20
1
1
1
24
5
37
1
1
5
27
4
5
4
1
1
1
1
1
1
6
1
2
1
7
10
16
14
1
3
1
5
1
1
1
1
6
4
11
6
1
11
63
7
18
1
31
1
1
5
6
6
4
1
4
1
7
61
2
24
11
3
7
3
11
6
25
10
2
1
1
2
10
2
1
2
2
1
7
14
1
18
1
13
14
4
8
9
1
1
106
3
9
2
1
14
8
1
4
23
1
1
1
10
1
1
10
1
1
1
2
10
2
1
1
12
1
1
5
1
31
2
2
76
1
2
3
10
1
9
9
15
2
4
22
8
5
1
5
1
6
10
21
1
17
5
1
5
1
2
1
7
1
2
1
2
2
8
1
63
4
4
1
1
1
2
1
2
1
4
8
1
1
20
1
15
12
8
110
1
6
10
6
2
2
7
2
25
2
1
6
1
1
2
2
1
114
1
2
6
5
2
2
5
1
1
5
3
1
4
4
19
1
7
1
144
16
8
5
13
2
10
1
17
2
3
15
1
16
1
8
1
6
1
9
1
3
11
2
8
64
1
16
1
1
5
1
12
5
7
8
30
1
1
1
12
3
3
1
1
66
2
8
1
16
2
8
11
1
14
2
1
1
16
2
3
1
2
1
26
10
1
1
3
3
29
12
7
9
6
1
2
21
2
28
4
1
22
144
278
1
2
1
1
1
5
6
3
1
2
28
7
3
24
12
44
16
27
1
35
1
1
6
2
1
3
9
2
1
2
2
23
15
15
9
1
1
1
1
8
14
3
10
5
26
23
1
1
3
20
11
2
28
10
9
1
4
6
7
1
1
2
1
1
3
16
2
1
10
1
2
3
6
1
1
32
1
1
26
2
1
2
1
1
4
2
1
2
5
2
8
4
15
1
1
3
16
9
28
15
1
6
15
1
5
9
32
1
1
9
4
1
14
5
1
1
2
20
4
9
1
3
12
3
17
4
1
2
2
3
8
11
24
24
1
2
1
5
18
1
1
1
1
1
1
1
11
3
1
8
1
1
1
13
13
5
1
6
7
5
1
1
1
6
2
1
1
3
13
1
7
10
1
1
1
6
1
2
16
25
2
6
5
11
4
36
1
2
1
1
1
8
13
2
54
10
1
1
2
1
3
8
14
2
16
3
32
1
5
4
1
11
1
56
6
15
30
7
2
4
6
15
8
3
1
2
13
2
5
13
2
18
1
1
5
2
15
8
10
1
1
2
2
10
8
4
10
20
1
3
3
12
3
1
7
2
11
1
2
1
21
1
23
6
1
1
20
1
1
13
3
1
1
2
3
2
9
2
1
3
19
8
2
1
1
1
1
25
2
22
2
1
2
11
1
1
47
2
7
9
26
1
1
2
9
2
1
5
1
2
1
1
1
1
3
1
2
1
1
1
3
1
3
1
1
6
1
3
23
19
3
4
1
8
3
8
1
4
29
1
1
4
1
20
1
13
1
3
2
2
1
14
2
1
69
1
175
3
22
1
4
5
2
17
27
1
2
17
6
1
14
2
2
7
6
1
2
1
1
1
19
1
4
8
29
1
8
5
6
1
6
2
1
4
1
3
1
2
13
19
1
1
11
8
8
15
3
2
4
8
4
1
128
3
12
8
89
7
7
15
10
4
6
7
1
2
1
1
10
6
1
4
12
2
2
1
14
1
13
53
5
3
1
1
1
3
2
1
16
2
4
13
1
1
2
4
28
1
1
2
1
1
2
11
4
32
14
12
7
6
2
2
1
7
4
1
25
4
66
7
2
1
452
14
10
4
2
2
8
1
1
23
5
2
2
30
7
3
11
1
1
13
4
1
4
5
2
1
1
1
1
8
1
1
1
1
1
8
2
1
4
1
4
18
3
73
23
2
29
3
1
2
17
22
10
7
1
1
5
56
1
2
5
17
7
1
3
3
3
1
12
3
2
8
7
30
3
3
1
30
64
3
4
3
5
3
11
13
1
8
16
1
2
2
1
1
7
5
2
7
1
37
6
3
3
1
20
12
9
2
2
3
2
3
1
1
8
7
1
1
67
5
13
31
5
1
1
3
6
7
5
4
20
1
26
1
2
2
1
6
1
2
1
1
3
1
14
3
2
1
2
14
2
8
3
12
1
2
1
5
12
1
1
1
2
1
5
1
18
1
1
3
6
34
1
10
1
4
1
2
3
1
6
1
6
6
4
13
8
18
9
7
8
11
8
2
10
2
1
17
4
2
1
1
6
2
1
1
1
12
11
9
4
26
2
2
3
5
4
9
1
1
9
18
107
1
22
3
106
3
15
1
1
2
2
5
1
1
2
1
85
7
2
6
1
1
1
1
27
2
24
2
1
4
2
2
1
11
1
2
1
2
6
4
1
15
9
1
1
1
1
1
1
11
1
2
7
1
1
5
1
1
1
2
2
1
1
1
1
1
1
1
4
1
8
6
5
12
7
8
14
1
3
1
2
1
20
2
1
3
6
1
13
2
3
6
2
14
7
1
2
1
1
10
15
5
1
3
3
1
1
22
2
6
4
12
10
1
1
1
24
1
8
3
1
1
3
5
2
1
7
5
5
2
1
6
6
5
2
2
3
1
1
3
2
1
19
3
2
2
3
3
1
1
2
19
3
1
1
6
37
1
1
5
1
1
2
1
1
2
4
10
1
2
2
2
3
1
8
1
5
1
1
19
2
1
1
1
7
1
1
2
1
9
2
11
1
2
1
2
1
4
1
20
5
1
1
18
1
5
2
4
1
1
2
5
11
4
3
4
1
5
72
1
4
6
7
11
7
14
1
1
3
2
8
15
3
49
1
3
1
1
6
1
1
6
5
3
2
2
21
1
3
4
92
1
10
2
11
3
3
5
2
1
5
3
2
3
13
16
11
1
1
1
9
3
8
1
1
1
6
11
1
1
1
1
4
4
4
32
1
65
3
1
1
1
1
2
2
8
2
2
2
32
2
5
3
1
8
6
2
7
2
1
1
1
6
74
3
3
4
1
6
2
4
3
6
2
9
5
4
1
18
3
1
16
3
1
10
32
3
2
16
3
4
1
13
5
1
1
5
1
1
11
3
1
15
1
6
1
3
1
1
1
8
1
1
1
2
21
1
15
1
1
10
10
1
1
2
75
1
1
2
6
1
1
9
7
5
1
1
2
2
1
1
1
1
1
1
1
1
5
2
18
5
9
2
2
10
1
4
1
108
4
3
2
4
4
2
2
5
2
4
9
1
2
3
2
4
11
1
6
3
6
7
2
2
1
1
1
1
1
4
7
2
6
24
4
1
1
13
5
2
3
1
20
21
18
1
9
2
1
1
16
16
4
5
3
4
2
1
4
12
3
11
3
5
2
11
29
1
2
1
1
7
5
34
2
2
5
3
8
4
11
2
1
42
8
1
1
1
2
3
77
4
11
5
8
1
2
1
30
1
14
2
17
1
12
3
6
3
5
1
3
7
1
2
1
1
5
1
16
2
1
11
5
5
12
3
1
2
2
2
4
5
2
5
2
3
3
23
1
48
1
2
2
1
21
2
10
1
1
11
2
7
4
2
4
6
1
1
1
21
7
6
2
13
1
2
1
1
1
1
2
1
6
2
7
9
1
24
3
1
1
1
1
1
2
4
2
2
3
1
4
3
1
1
20
2
3
5
2
1
2
2
5
4
2
2
2
10
3
8
3
5
2
7
8
3
2
1
2
3
4
1
2
5
5
2
2
13
1
1
1
1
1
1
12
1
2
19
4
2
4
4
2
1
1
1
3
2
15
10
3
1
13
5
3
1
3
2
13
14
6
1
1
2
1
2
1
1
6
4
5
1
2
3
1
1
3
1
1
2
2
12
1
4
4
4
5
4
14
4
5
9
2
7
4
1
1
6
7
27
12
31
2
4
2
5
1
9
3
2
3
2
1
3
2
1
1
35
4
8
13
18
1
2
4
3
22
2
3
2
8
28
3
3
20
1
2
3
16
1
49
10
1
4
8
16
1
6
1
2
18
1
5
9
1
4
2
5
2
15
1
8
4
4
8
4
7
5
4
6
10
10
25
3
2
1
1
7
2
6
3
1
14
3
4
1
32
4
6
14
33
14
6
14
3
1
3
1
15
1
2
1
5
1
1
5
2
1
1
4
1
1
1
4
1
2
3
1
1
7
2
3
6
12
35
2
28
10
2
5
3
4
14
1
4
7
1
2
1
1
3
1
16
2
1
2
7
1
2
4
1
1
16
5
17
5
2
1
1
10
1
19
4
1
1
6
5
1
1
12
13
11
18
4
4
7
9
2
3
2
1
15
1
7
4
2
6
7
1
5
1
6
13
25
18
26
1
1
7
9
7
1
2
1
1
1
1
2
1
1
6
1
1
2
1
1
2
2
1
3
1
1
2
1
1
11
34
5
2
1
9
15
13
24
5
9
3
4
1
4
9
1
1
1
2
1
44
9
1
1
20
1
2
1
1
1
30
1
26
1
28
3
6
1
21
2
2
2
1
2
32
7
8
1
2
8
8
1
1
51
4
1
7
6
3
1
5
1
1
11
5
1
1
4
1
1
7
1
1
1
1
17
1
43
3
2
1
2
42
7
1
13
4
9
2
2
2
4
3
1
1
1
1
2
1
1
1
2
1
12
3
1
1
1
20
2
2
6
1
4
2
2
13
80
1
2
7
7
10
3
7
1
5
5
3
1
8
2
2
38
1
7
5
1
3
40
21
5
3
1
1
5
1
3
1
7
3
2
8
1
1
2
2
3
1
3
1
12
13
7
1
11
1
2
2
6
2
5
2
2
2
1
31
1
1
1
1
1
4
3
1
21
1
13
1
1
3
1
1
19
3
2
2
6
1
1
2
2
4
1
1
3
1
1
1
5
16
2
1
3
4
1
1
4
1
9
7
6
9
32
1
1
6
6
1
2
1
4
1
11
4
22
1
12
4
3
1
3
5
3
1
3
2
1
12
10
2
2
1
9
1
2
1
2
2
4
1
1
2
1
2
4
21
12
1
10
1
30
7
1
11
1
6
2
1
1
1
3
1
17
1
29
7
11
1
1
56
4
2
1
16
18
4
12
14
6
10
5
4
1
2
1
3
2
1
1
6
7
1
17
20
1
37
1
8
6
3
2
1
6
1
8
4
1
1
1
5
1
1
1
4
102
1
1
1
5
7
1
9
5
1
23
2
1
12
17
7
3
1
15
1
9
3
2
1
3
1
10
2
4
1
6
8
7
1
6
1
4
1
6
42
1
4
4
2
3
3
35
6
1
6
6
10
8
2
1
2
2
6
45
6
1
46
1
1
1
1
2
1
1
1
2
1
1
5
1
1
10
13
1
1
8
1
3
2
1
1
1
7
3
12
2
6
3
2
6
1
2
2
1
1
13
1
2
2
1
1
1
6
16
12
3
3
2
16
11
1
1
1
2
4
16
4
5
1
4
2
2
7
10
2
7
2
2
1
2
2
1
10
1
1
2
1
6
4
45
1
1
4
2
1
1
7
31
3
3
2
1
6
12
1
2
1
1
12
2
1
4
32
6
1
6
3
12
2
7
7
1
10
1
2
1
31
10
5
7
20
4
3
1
9
3
6
139
5
7
1
2
1
7
2
2
2
13
3
5
2
3
44
1
1
2
3
1
3
9
28
7
2
5
16
3
3
1
1
2
1
1
1
1
15
1
2
1
4
1
3
4
3
14
2
13
1
1
2
5
4
7
7
7
1
1
4
8
1
3
12
8
1
4
1
1
5
9
1
1
1
22
8
13
4
3
7
1
3
5
78
2
103
1
13
1
1
4
1
9
50
1
4
1
7
1
3
2
4
4
8
8
2
20
2
1
1
9
12
18
3
1
2
4
14
2
6
1
7
2
3
12
6
7
7
5
1
1
1
6
2
14
7
2
6
2
6
1
15
1
20
1
1
8
13
9
1
1
24
11
4
2
2
2
6
3
1
1
1
9
2
5
4
6
1
1
12
1
3
1
4
8
3
1
10
8
2
1
1
2
3
37
1
1
2
36
1
18
3
2
6
9
11
1
7
1
8
5
10
1
1
2
12
13
4
1
6
3
1
3
7
4
2
102
38
7
2
10
6
1
3
1
1
1
3
8
21
1
2
2
3
2
8
4
1
2
1
1
4
2
2
2
8
1
2
9
1
1
1
1
6
14
3
5
10
5
6
5
1
2
1
28
1
2
1
1
10
5
5
1
1
3
2
45
10
1
12
15
7
1
12
2
3
2
1
1
2
3
1
1
5
1
2
1
4
3
13
1
5
3
2
1
3
1
1
59
1
1
5
2
1
2
1
16
4
4
4
11
2
2
3
2
1
1
1
1
1
1
1
1
14
2
9
4
15
1
48
5
2
11
3
2
2
2
6
1
10
2
1
5
5
1
1
1
2
1
11
1
1
20
1
2
2
4
6
3
3
5
1
5
1
3
1
1
319
1
2
16
3
1
6
1
1
5
17
1
1
1
2
1
3
1
1
1
1
5
2
1
1
2
1
3
2
11
4
14
7
7
2
8
7
2
2
2
1
1
3
3
1
1
3
13
7
3
83
2
1
5
11
1
3
39
2
2
2
1
2
1
4
2
1
4
1
9
1
3
1
19
1
19
2
1
2
1
4
4
2
4
1
2
4
2
4
2
11
1
1
1
1
1
1
1
6
9
34
1
1
2
18
8
2
1
2
2
2
3
2
5
1
1
5
1
1
3
6
1
15
5
1
3
1
3
5
2
1
18
6
10
6
1
2
8
5
4
1
64
3
6
10
6
1
1
1
1
1
1
1
1
4
1
8
3
3
1
1
2
1
4
5
1
2
4
12
1
12
1
5
1
8
1
1
1
1
1
1
1
1
1
1
1
1
35
1
2
1
2
2
1
5
1
4
2
1
1
3
1
1
6
2
1
1
3
4
15
21
1
4
12
1
1
4
3
13
1
1
1
3
1
1
1
1
1
11
1
1
1
5
1
1
2
9
1
10
1
1
1
1
2
1
1
6
20
4
1
1
6
2
5
2
15
1
12
2
1
10
10
4
1
6
1
13
9
2
1
28
12
9
3
2
6
1
2
64
42
6
19
1
29
1
5
6
9
1
1
1
4
2
4
2
8
1
1
19
1
18
4
6
1
16
2
11
8
24
5
5
4
1
8
10
30
1
3
8
2
2
2
1
4
2
2
3
1
4
1
2
1
2
5
1
1
1
1
2
4
2
3
1
3
1
1
5
21
3
6
4
2
18
5
3
19
12
13
10
3
1
1
2
14
3
4
5
1
62
21
2
9
21
3
1
6
1
1
1
9
3
3
1
1
4
2
10
1
1
15
3
4
1
14
2
9
3
1
1
1
1
1
1
1
1
1
1
1
13
1
1
1
1
1
1
9
1
3
2
15
1
1
1
1
1
2
2
1
4
8
2
1
3
1
3
2
6
26
34
3
1
1
1
1
2
1
1
1
2
1
1
3
2
3
12
1
1
1
6
8
1
1
1
5
2
1
6
1
27
1
1
1
1
1
1
4
1
1
1
1
19
1
4
2
35
17
7
1
5
3
1
1
1
6
1
1
1
1
2
3
3
1
1
1
1
1
3
1
1
7
1
6
1
1
1
1
9
1
1
11
1
1
1
1
2
4
1
1
5
4
27
6
1
3
1
1
1
1
13
6
1
1
11
9
15
1
1
2
1
7
3
8
2
1
6
1
10
2
19
7
18
1
2
12
7
1
5
5
3
2
2
1
4
5
2
3
1
1
1
4
2
1
4
54
1
1
2
1
2
4
1
1
1
1
1
1
5
7
9
2
3
8
4
2
6
1
1
3
8
1
1
2
1
1
1
3
2
7
1
9
4
20
2
1
1
2
1
2
7
4
1
3
1
5
1
8
1
8
5
1
5
1
1
9
6
33
3
14
2
1
2
2
23
22
11
8
1
27
4
5
2
1
2
7
6
12
4
13
3
5
7
3
2
1
7
16
10
2
3
3
18
1
11
1
5
1
10
6
2
2
1
3
2
1
3
10
1
54
1
8
1
3
4
12
1
7
9
1
7
17
3
1
7
3
1
1
1
5
1
1
6
2
2
4
11
10
1
2
1
1
9
22
5
1
5
17
3
4
2
9
22
17
11
1
6
1
1
1
1
2
1
3
1
3
4
1
4
2
3
1
2
1
5
5
3
3
1
100
2
1
5
2
1
7
1
1
14
1
4
1
1
5
4
7
6
1
19
1
7
5
6
4
1
1
4
1
2
1
1
3
1
1
2
4
13
1
11
1
2
2
25
3
1
1
1
1
1
1
4
1
3
6
5
6
1
5
1
2
2
1
25
11
4
8
2
10
5
8
1
1
15
1
3
1
1
16
4
3
2
3
1
1
1
3
1
2
1
6
1
1
1
1
1
11
1
1
10
1
5
16
1
31
1
1
1
1
1
1
10
31
8
1
6
3
1
23
6
1
1
1
1
2
1
1
6
4
6
1
4
1
4
33
22
2
7
8
3
5
2
1
1
1
1
2
1
1
15
1
1
7
6
2
1
7
3
1
5
1
1
1
1
4
4
1
1
1
1
1
1
17
6
3
1
6
1
1
2
30
1
1
1
1
1
5
2
4
1
1
3
1
6
1
1
1
1
5
2
1
1
1
1
1
1
4
8
2
3
26
3
2
1
2
2
2
2
1
3
8
3
3
2
4
7
11
2
1
35
2
3
24
1
2
10
3
3
15
1
3
7
1
1
35
1
3
14
10
10
3
5
2
50
16
2
4
7
9
1
6
1
1
1
4
1
43
11
1
2
1
1
8
1
1
1
4
1
11
33
2
16
1
8
3
13
1
2
1
1
1
3
1
4
2
9
1
3
6
11
1
3
3
2
1
2
2
1
9
2
19
1
1
1
3
1
2
3
2
4
1
3
17
3
2
3
3
26
2
15
1
1
1
1
1
1
1
1
1
2
1
6
1
5
1
1
1
5
71
6
1
2
6
7
3
12
3
2
3
1
2
1
7
3
1
10
1
6
2
151
1
4
6
24
7
1
8
1
13
2
2
1
2
1
4
1
1
1
1
1
6
2
2
4
23
1
1
17
1
1
2
1
1
3
4
1
1
1
1
2
5
6
1
1
1
1
2
1
19
1
1
1
1
1
1
16
1
2
1
1
2
5
1
1
1
1
1
26
7
1
1
7
3
4
9
1
1
1
1
11
58
2
3
1
3
1
2
1
1
1
21
1
2
3
4
4
1
7
1
2
5
25
1
2
1
2
3
6
2
3
7
2
2
1
1
1
1
1
5
2
2
4
1
1
1
1
36
2
7
5
1
1
1
3
1
12
7
9
1
1
4
3
2
1
5
1
2
2
1
8
6
1
1
1
1
9
1
1
2
16
9
5
1
3
1
2
2
28
2
1
1
1
6
9
5
7
1
17
2
3
6
1
1
10
6
11
10
1
1
2
1
3
1
2
15
1
6
3
1
2
1
15
1
9
5
4
7
1
2
6
1
1
1
1
2
9
5
10
1
1
2
5
13
1
1
2
5
1
1
2
2
3
12
2
1
1
1
1
1
3
2
7
10
4
3
2
2
1
1
1
1
2
3
1
3
7
1
8
2
1
4
1
1
3
1
2
7
1
2
2
8
2
1
4
1
7
1
1
1
10
3
1
1
1
2
2
10
1
1
1
1
1
1
1
1
10
11
20
4
1
1
1
3
3
10
2
2
3
3
3
1
1
27
3
1
1
2
1
2
1
1
6
1
1
1
2
8
2
2
2
12
1
2
1
1
1
4
7
4
3
1
13
1
4
2
2
10
1
1
1
3
1
1
2
3
1
4
11
4
2
3
1
1
1
4
5
20
1
2
6
2
4
1
2
5
3
3
1
1
1
1
1
3
1
2
1
1
1
1
19
1
2
4
3
4
1
7
2
16
8
2
2
7
4
1
1
2
2
1
6
2
1
1
5
5
1
4
1
4
9
1
1
16
1
3
2
1
24
6
14
4
4
2
22
1
7
6
5
3
5
1
5
4
1
8
1
2
29
1
1
1
1
1
1
2
1
4
1
2
9
3
1
11
12
2
1
1
2
1
2
3
1
1
3
2
2
3
1
3
1
4
2
4
2
1
3
1
2
8
1
1
11
6
5
3
1
17
1
8
3
2
1
1
1
4
1
1
1
12
4
3
2
1
5
6
4
6
7
6
1
5
3
1
1
2
2
1
163
1
1
1
2
11
1
4
1
6
1
1
8
1
1
10
33
10
7
2
1
1
11
1
2
6
7
14
1
3
1
8
2
9
3
2
1
1
3
1
7
1
1
1
5
2
1
5
4
5
1
3
11
6
13
2
1
1
1
2
4
2
13
5
3
2
1
3
1
2
1
1
2
6
8
8
2
2
1
3
1
1
3
6
1
3
4
9
5
5
1
1
30
5
2
2
2
1
5
33
18
1
52
8
8
8
2
4
1
2
2
24
2
3
1
1
2
1
9
5
6
7
1
2
1
1
1
1
6
1
10
2
4
2
1
2
1
1
4
1
1
3
1
3
4
1
1
6
1
11
3
1
2
2
6
3
1
13
1
9
1
2
3
11
2
2
8
3
2
1
1
2
3
1
2
1
1
1
4
3
8
1
4
2
2
9
2
1
8
1
4
1
1
6
1
1
1
1
1
1
1
12
3
1
1
2
23
1
3
2
1
2
4
5
2
18
1
12
2
1
3
3
2
2
1
5
1
2
3
1
1
1
1
1
21
1
9
2
1
12
8
6
1
1
7
1
1
4
3
2
1
1
1
1
1
1
12
1
5
2
1
2
1
6
2
1
2
1
1
3
5
37
5
13
1
10
1
3
1
3
1
3
1
3
1
7
2
3
1
1
4
6
4
1
1
1
13
2
5
2
9
1
1
1
1
2
1
1
1
2
1
3
5
1
15
1
2
4
1
56
1
11
10
1
5
2
11
9
34
4
4
1
1
2
2
8
2
1
2
6
1
2
3
10
5
5
1
4
8
7
2
2
9
2
4
3
2
1
1
1
3
5
1
1
1
1
1
1
1
6
4
8
1
4
3
1
1
1
2
2
1
7
4
6
4
1
3
1
34
1
1
1
3
2
12
3
13
2
5
1
1
3
1
3
1
2
5
1
2
1
1
13
2
20
1
1
1
25
23
1
2
6
7
1
1
6
1
2
7
1
2
5
25
1
2
1
13
7
1
1
10
3
1
6
10
4
2
4
77
4
76
29
1
14
1
1
1
3
2
50
1
4
1
14
1
1
3
1
24
1
1
3
11
5
10
5
1
109
5
1
1
5
7
3
8
2
2
2
1
1
4
6
1
2
2
5
1
5
6
1
1
6
1
1
1
2
1
2
1
1
2
6
15
1
1
2
2
4
4
1
1
2
2
1
2
3
4
3
6
3
1
4
3
1
4
1
4
1
1
3
3
4
1
1
2
1
18
12
2
1
4
3
3
4
1
4
1
4
1
2
1
2
1
12
6
3
3
6
23
13
4
2
7
1
1
1
5
1
1
1
2
5
1
6
1
4
2
2
1
1
4
2
1
2
1
1
1
4
1
1
20
4
1
1
1
1
1
3
1
2
1
4
5
1
3
1
3
1
1
1
3
2
2
18
7
1
2
1
3
1
2
5
1
1
5
1
1
2
31
12
2
4
1
1
49
4
2
2
2
3
3
2
1
4
4
19
1
4
1
2
4
5
18
13
5
3
1
8
3
2
2
1
2
1
2
1
2
2
3
5
3
7
2
3
2
1
2
2
1
1
1
6
1
4
24
2
2
2
1
1
1
3
1
1
2
2
2
2
3
2
5
4
2
2
2
5
3
1
16
8
1
1
1
4
1
1
6
19
5
1
7
7
3
3
2
3
1
2
4
6
10
8
2
2
5
1
7
1
3
1
1
1
1
4
1
7
6
1
2
5
2
2
5
4
1
3
1
1
13
12
9
2
1
4
4
1
4
1
4
9
11
1
1
1
1
1
1
2
1
1
1
110
11
4
1
3
2
6
2
5
5
3
11
13
6
1
1
1
2
1
1
1
1
3
1
4
7
3
4
1
14
3
1
1
3
6
6
2
1
1
6
2
1
6
1
7
4
6
6
1
1
1
1
1
1
1
1
1
1
8
4
18
19
3
29
37
2
4
1
1
2
1
1
1
1
1
1
1
1
9
16
2
12
1
1
3
4
1
1
1
1
2
2
1
1
2
1
1
24
3
2
2
2
3
7
6
3
2
2
16
1
2
2
14
22
1
1
1
3
2
1
12
8
2
5
2
1
1
2
41
6
7
1
2
1
6
104
2
3
5
1
1
1
2
1
1
11
1
1
1
15
3
3
3
6
1
3
4
2
2
4
8
3
6
2
15
33
4
31
1
2
2
2
6
22
5
2
1
1
2
1
1
7
1
1
2
1
21
1
1
2
2
1
1
3
3
7
2
1
3
7
5
1
2
10
1
2
2
1
21
1
1
1
2
1
1
1
2
1
1
2
2
2
3
1
1
2
1
6
33
1
260
1
1
12
6
1
1
2
16
2
1
2
1
1
1
1
1
3
1
1
3
1
2
1
3
12
9
1
6
2
4
1
1
5
1
1
4
2
3
15
1
1
1
1
1
7
1
9
3
1
1
4
3
30
2
17
2
6
2
4
3
3
2
1
2
1
1
1
4
1
4
1
1
2
1
3
1
2
1
1
1
3
3
7
1
3
3
1
1
1
1
9
7
1
4
21
9
1
1
3
2
1
2
4
1
1
1
16
19
6
3
2
6
4
3
3
1
9
3
1
2
3
1
1
10
1
1
3
1
4
7
1
1
4
25
16
1
57
5
37
1
4
2
2
1
5
3
1
2
2
6
5
1
1
29
2
2
1
1
1
4
1
2
1
2
1
1
6
1
1
1
2
4
4
3
9
9
2
2
1
4
2
1
1
1
1
3
2
2
1
1
1
1
1
1
1
17
1
4
2
4
1
6
14
1
1
5
3
1
1
1
1
5
6
5
1
16
5
1
7
1
1
1
3
4
1
4
2
4
2
6
1
1
2
1
1
4
4
1
1
1
1
2
1
5
1
1
1
17
1
4
1
4
1
3
1
11
1
5
1
6
16
3
5
1
2
4
2
4
1
1
3
1
1
2
15
2
6
12
4
1
1
3
11
4
3
4
1
1
1
6
2
2
7
1
1
11
1
3
1
12
1
4
1
2
1
1
2
4
1
1
1
1
1
1
6
1
24
1
1
1
3
1
8
1
2
1
5
1
1
1
10
3
2
1
3
2
2
1
1
12
4
1
1
1
1
1
31
1
1
1
4
1
13
1
1
2
4
2
1
2
3
2
1
12
1
3
3
1
7
2
13
2
3
2
3
1
1
5
4
1
1
6
1
1
6
5
5
2
1
2
5
6
1
1
1
1
19
1
1
1
1
2
1
1
1
3
1
2
2
4
1
1
2
1
3
4
5
7
4
1
8
62
2
6
5
3
6
4
3
2
1
1
1
1
3
1
3
2
4
1
1
20
11
7
4
4
11
1
8
1
1
7
15
5
1
1
10
1
9
1
3
1
1
1
4
1
3
3
1
1
13
2
5
1
7
13
5
7
5
42
1
4
4
58
2
6
2
5
1
3
13
3
1
3
1
2
6
3
2
1
5
6
2
1
1
1
1
1
2
5
1
10
7
1
1
1
6
2
3
1
12
1
18
19
1
2
1
1
3
2
2
1
1
1
5
4
13
8
2
1
13
1
8
11
3
7
5
1
1
1
1
3
2
2
1
1
3
2
1
2
1
1
2
1
1
1
2
7
14
4
1
1
3
1
4
1
4
2
1
6
4
8
2
3
2
1
3
1
7
4
10
2
1
16
1
1
3
6
1
1
1
4
3
2
6
5
1
1
1
1
1
1
1
1
12
3
3
1
3
3
4
1
1
2
1
1
3
3
3
3
8
1
4
1
8
1
1
1
7
20
1
4
8
2
7
3
1
7
1
4
3
3
3
5
7
1
3
22
1
10
8
4
1
3
4
2
1
4
1
3
1
60
1
1
1
5
3
1
2
2
3
5
1
5
1
3
2
33
3
1
1
1
9
1
1
3
3
1
2
3
5
1
1
2
1
4
2
1
5
11
49
2
4
5
4
1
2
2
1
3
4
5
1
1
1
1
1
5
1
1
1
7
9
1
4
1
2
9
1
2
1
8
8
14
2
2
3
6
3
1
1
3
11
3
3
3
4
1
1
1
5
1
2
7
4
1
2
1
1
3
4
8
4
6
1
1
2
2
4
2
2
5
2
13
3
7
1
5
19
3
3
1
1
1
1
1
8
3
1
9
3
4
2
1
2
1
4
1
2
4
1
1
4
2
1
2
1
1
1
1
2
2
11
2
4
1
1
1
1
2
1
1
3
6
2
1
10
1
2
2
4
1
3
1
1
1
6
2
7
28
1
3
1
1
3
3
3
1
1
2
3
1
1
4
1
1
3
3
2
6
2
1
1
1
1
1
1
1
8
285
5
3
1
5
6
1
3
2
6
6
1
3
1
9
3
1
1
5
1
12
1
2
1
1
1
2
3
11
1
7
5
2
1
2
1
3
1
3
3
1
7
4
4
4
5
10
1
1
6
8
4
5
1
2
1
1
3
1
3
1
2
1
3
6
1
1
4
2
2
3
1
2
1
1
3
1
6
6
3
2
3
1
3
1
1
2
2
4
4
1
1
1
6
1
1
2
1
4
2
2
1
1
1
1
26
6
2
16
1
1
11
1
2
3
3
2
1
3
3
1
4
1
2
1
3
4
5
2
1
1
1
9
1
6
16
3
9
6
5
2
2
1
1
1
2
1
2
2
1
1
1
2
7
8
1
1
5
2
1
1
12
1
2
1
7
1
3
2
1
5
1
1
2
2
1
5
1
1
9
5
11
6
2
2
1
1
21
6
1
1
6
1
4
1
1
4
4
6
3
2
1
1
6
1
6
3
1
14
11
7
2
1
10
1
2
1
3
1
1
5
1
1
1
16
5
6
2
2
1
1
13
2
2
2
2
1
1
1
4
10
6
16
12
6
3
22
1
8
1
2
1
1
2
2
2
3
1
3
6
1
2
2
1
3
1
1
4
2
1
6
2
6
1
1
3
10
1
1
1
1
8
1
2
1
5
3
2
3
2
1
1
2
3
1
3
1
1
2
15
1
5
1
6
3
1
1
5
9
5
3
1
1
1
1
2
2
1
1
1
4
1
1
1
1
1
1
3
2
3
1
1
1
2
1
1
2
2
1
2
1
71
21
1
1
1
1
2
1
1
4
1
1
1
1
21
1
1
2
1
1
1
1
2
6
2
1
1
3
2
1
5
1
2
2
2
1
1
1
2
2
2
5
3
3
2
3
2
1
1
1
1
4
1
3
1
2
1
1
1
1
1
8
8
1
5
8
1
1
8
2
1
2
1
1
3
2
4
1
11
1
1
1
6
6
1
9
1
1
1
1
4
1
6
9
2
7
2
10
5
1
9
2
1
64
1
1
2
2
2
1
1
1
1
1
3
6
1
2
3
5
5
1
8
1
10
1
1
2
3
1
1
1
1
10
1
1
1
2
8
3
6
3
3
3
1
5
1
1
2
1
6
2
1
1
1
2
2
3
1
1
1
3
1
19
1
1
5
3
1
2
1
1
4
1
4
1
2
1
1
1
5
2
1
1
1
21
16
3
1
1
4
1
2
1
1
6
5
1
2
2
1
4
2
1
3
8
1
1
1
1
3
2
1
1
7
2
1
4
1
1
4
5
3
6
1
2
2
2
3
3
1
1
1
1
3
9
1
1
1
1
1
5
1
1
3
3
1
1
1
3
3
1
3
1
1
1
3
7
1
1
4
1
1
1
1
2
2
2
2
3
3
3
1
1
2
1
3
2
2
2
2
8
1
3
1
2
2
1
2
3
1
1
1
1
1
1
1
1
1
9
3
1
6
23
1
6
6
2
3
1
3
5
1
1
3
1
4
1
2
4
1
1
5
1
4
2
4
1
2
1
2
1
3
1
1
1
2
1
1
3
1
1
1
1
1
1
1
1
1
1
1
3
3
1
1
1
1
5
6
9
2
8
2
2
1
1
1
4
4
1
1
2
3
2
6
1
1
1
1
27
3
1
2
3
1
1
2
2
1
2
1
6
2
5
1
1
1
1
3
2
2
10
4
2
4
1
3
1
14
1
3
3
19
2
3
1
1
1
3
7
5
2
1
2
1
2
1
2
1
5
1
1
5
1
1
1
5
1
4
8
7
1
1
2
4
8
2
3
1
1
5
1
1
1
4
1
1
1
1
3
1
1
1
1
1
1
2
3
1
27
2
13
1
1
1
16
2
1
2
1
2
1
1
1
3
1
5
2
5
5
2
1
2
1
4
13
4
4
1
1
5
1
1
1
2
3
3
1
12
1
12
1
4
1
1
1
1
1
2
1
3
1
2
3
6
1
11
1
1
3
1
1
1
1
1
2
6
100
1
2
2
1
1
1
1
1
3
12
2
3
3
3
5
3
1
2
6
1
2
1
4
3
1
3
1
1
14
1
2
1
1
3
2
1
1
3
4
1
1
1
1
1
1
1
2
1
1
1
4
3
1
2
1
1
2
1
2
14
3
1
2
1
4
1
2
2
2
1
1
7
1
1
1
1
4
1
2
1
3
1
3
2
2
1
1
2
1
2
1
5
1
3
1
1
21
5
1
6
2
2
2
4
1
4
2
4
2
2
1
2
7
2
1
1
1
2
1
20
5
11
3
2
1
1
1
1
1
1
1
1
3
1
5
12
1
1
2
1
12
1
4
6
2
4
2
5
7
2
1
20
1
1
1
1
1
1
1
11
1
3
1
1
1
1
2
1
1
1
2
1
1
1
1
1
7
1
2
2
1
3
1
1
2
4
1
4
19
21
47
1
15
1
8
1
3
2
1
1
1
1
1
1
1
1
1
3
1
1
4
1
2
4
1
2
1
3
3
1
1
8
1
3
1
1
1
1
2
1
2
1
1
2
5
1
2
4
7
3
2
18
3
1
12
1
1
1
4
1
1
1
1
4
1
6
1
1
6
1
4
1
4
1
7
3
1
3
1
6
1
1
12
2
1
35
5
2
1
1
2
1
3
3
1
8
5
6
2
6
4
2
4
2
9
1
1
12
1
1
1
1
6
2
1
7
1
2
5
1
3
19
11
1
2
1
3
2
2
1
1
1
5
2
2
1
1
1
5
7
1
1
1
9
1
6
1
2
4
1
1
1
2
3
1
1
2
1
6
15
29
1
4
1
1
1
1
52
1
1
2
2
39
3
1
1
1
11
3
3
2
1
6
1
1
1
1
1
4
7
2
1
2
3
2
14
2
7
5
6
1
1
3
6
1
1
1
1
3
1
1
4
6
1
1
2
2
2
1
1
3
1
1
2
2
1
1
3
1
1
7
5
1
2
1
1
4
2
5
1
1
1
4
15
2
1
4
3
4
1
1
5
2
1
1
4
1
1
1
11
1
2
2
1
2
1
1
3
2
1
8
7
2
1
1
5
1
4
1
1
1
58
1
11
1
1
10
1
5
5
3
1
1
1
1
2
2
18
1
12
1
1
1
1
1
1
2
4
2
1
1
3
4
1
4
1
3
2
10
4
44
2
3
1
2
7
1
1
1
1
1
3
1
1
2
4
2
4
2
1
1
5
3
13
3
13
6
2
1
4
1
4
1
2
1
1
1
1
15
6
1
1
3
1
1
1
2
2
2
1
1
1
5
9
2
1
1
1
2
1
3
1
1
1
4
1
1
12
2
1
1
2
2
1
2
1
1
1
1
1
2
1
2
1
1
1
2
4
1
1
1
6
125
1
1
1
4
40
1
1
4
1
2
1
1
1
1
4
2
1
1
1
1
25
2
6
4
2
1
12
3
12
6
1
1
2
1
1
1
1
1
4
9
11
1
48
2
31
2
3
1
1
1
2
7
2
2
1
1
1
3
1
79
2
1
1
1
3
3
5
1
3
1
1
3
7
1
1
11
3
9
1
1
1
2
1
1
1
5
3
1
1
6
6
2
3
1
4
3
1
2
1
8
2
4
2
2
6
6
3
2
1
1
8
1
1
8
2
1
1
6
1
2
13
2
1
2
6
2
7
4
1
1
2
3
1
4
16
2
1
5
8
1
2
4
2
2
1
1
8
1
7
19
2
3
2
11
3
2
3
3
1
1
1
6
1
1
2
1
1
1
8
5
1
1
1
5
15
3
1
1
2
2
1
8
1
8
1
3
8
1
5
2
2
1
3
1
1
3
1
1
2
3
2
1
1
2
2
1
1
1
1
1
1
3
1
1
1
3
1
2
3
2
1
1
14
2
4
2
3
5
1
3
1
3
18
3
1
3
2
9
6
4
27
8
3
1
1
5
1
1
1
1
2
1
7
4
1
2
2
1
15
1
2
9
1
3
3
2
14
12
4
3
1
9
3
1
1
1
6
1
7
15
2
2
2
6
1
2
6
4
1
1
5
1
4
5
2
2
3
2
1
11
1
1
2
1
20
2
5
1
1
1
1
3
1
4
1
1
1
1
1
1
1
1
1
1
1
3
2
1
2
3
4
1
2
2
3
1
10
1
1
2
1
1
1
1
3
1
1
1
3
2
2
5
39
2
1
4
2
3
1
1
2
2
1
2
2
5
2
1
4
3
1
2
1
3
1
1
3
2
1
1
1
2
1
1
1
1
2
1
1
2
1
5
5
1
1
2
1
1
1
2
2
1
1
1
2
1
2
3
1
1
9
1
1
4
1
1
11
1
1
5
1
2
10
1
1
1
5
14
28
3
4
1
2
1
1
2
4
1
1
1
1
1
2
3
7
2
1
1
1
1
2
6
2
2
1
1
2
2
1
119
1
13
1
21
5
5
7
2
2
1
10
1
1
15
2
2
6
2
3
1
1
48
1
2
1
2
2
2
4
1
6
7
1
1
75
1
3
1
5
2
2
2
3
1
1
1
3
1
3
2
1
5
3
2
3
2
2
1
1
6
1
3
1
1
1
1
1
1
28
2
3
1
3
2
1
1
16
1
5
1
4
12
1
3
8
6
1
1
1
1
1
2
1
1
2
2
1
3
14
1
5
1
1
2
2
6
1
1
2
1
3
4
1
1
3
1
1
3
1
1
1
2
4
2
1
7
1
1
3
18
1
1
2
1
2
1
8
1
2
1
2
7
3
9
3
6
1
1
5
1
1
6
12
1
3
1
1
1
5
1
11
6
4
2
1
1
1
1
2
2
7
1
1
4
1
1
2
11
3
3
19
1
6
4
2
7
1
4
1
1
1
1
2
2
5
1
1
5
5
1
17
3
1
1
5
1
6
1
1
1
1
4
5
2
1
1
1
1
2
2
1
7
6
1
1
2
1
2
4
7
1
1
6
50
1
2
1
2
1
1
1
2
3
3
3
7
3
1
1
28
1
2
1
1
4
2
1
1
2
10
1
4
7
1
1
8
1
1
1
1
2
1
3
3
8
4
1
2
7
1
5
5
24
2
1
2
1
1
1
3
1
1
3
1
1
1
2
3
3
1
1
3
4
1
2
1
3
1
2
1
2
1
7
1
5
151
7
1
13
1
1
1
1
2
12
3
1
1
1
1
1
2
1
3
1
4
6
6
4
1
1
1
3
1
1
1
5
1
1
2
1
3
1
4
1
1
2
2
2
1
2
1
9
3
1
8
2
1
1
3
1
2
1
1
1
1
1
4
1
1
3
1
3
2
2
2
5
5
1
5
2
1
5
1
1
1
1
13
1
1
1
20
2
1
2
2
2
1
1
1
1
4
2
5
1
1
1
2
1
2
4
3
4
2
2
1
1
3
1
3
4
1
19
1
5
1
1
1
1
1
1
3
7
1
1
12
3
2
1
1
1
8
2
1
4
1
1
3
3
1
2
1
2
1
1
1
1
2
2
4
3
4
2
9
2
1
3
3
1
1
1
3
1
1
1
1
3
1
1
13
2
1
2
2
1
4
1
4
4
2
3
1
3
1
1
1
1
5
1
1
3
1
1
7
4
4
3
1
1
2
1
1
6
5
6
2
17
1
3
1
4
1
1
3
114
1
1
2
1
1
1
1
1
3
1
5
2
2
8
1
1
1
1
1
1
2
1
3
1
1
4
3
1
7
1
1
3
1
1
1
1
2
1
1
3
1
1
1
1
1
1
3
1
3
1
2
1
1
1
4
1
1
4
1
1
7
1
1
3
1
6
1
3
1
1
5
1
1
1
1
3
1
2
1
3
2
3
2
1
1
2
2
1
4
2
6
1
1
1
3
5
1
7
5
2
1
3
1
1
2
1
1
1
1
1
1
1
5
3
2
1
2
2
1
1
2
1
1
1
1
2
1
1
1
19
2
1
2
1
1
1
4
10
3
4
1
2
1
45
2
1
2
2
2
2
9
4
1
1
1
3
1
1
1
2
1
10
1
1
1
2
2
5
1
3
1
1
7
2
2
4
2
1
11
1
6
6
2
7
1
1
1
2
5
1
2
1
6
1
4
54
1
1
1
2
1
2
1
1
1
1
5
1
1
2
1
1
1
1
1
3
1
2
2
2
1
1
2
1
1
1
2
5
2
15
1
1
1
3
1
1
1
1
2
1
1
5
2
3
3
1
2
1
5
2
2
1
1
6
5
1
1
1
1
1
2
1
2
2
1
3
1
3
2
7
1
2
6
2
2
1
2
9
2
1
1
2
6
1
1
1
1
1
1
3
1
1
1
1
4
1
3
4
1
3
1
1
1
2
3
1
1
1
3
1
2
1
1
2
1
1
1
8
2
28
1
1
1
2
1
1
1
1
2
1
1
1
1
1
2
2
5
3
3
3
2
1
1
2
1
1
1
2
1
1
1
5
3
3
1
1
1
3
1
1
1
1
1
1
1
2
3
1
5
2
6
2
1
3
3
4
2
19
1
1
3
4
36
1
1
4
1
1
5
1
10
1
5
2
1
2
7
2
1
1
2
1
1
2
1
1
2
1
2
1
1
1
1
1
2
2
1
1
1
1
4
4
1
19
1
1
1
3
1
3
2
5
14
1
1
1
1
1
1
4
5
1
1
3
2
1
4
1
1
19
1
1
1
3
1
2
1
3
2
1
1
1
2
1
1
1
1
1
1
4
2
3
3
2
1
1
26
1
1
9
1
9
1
5
4
1
1
1
1
2
2
20
23
1
1
1
1
6
5
1
4
1
1
1
1
1
1
3
1
1
6
1
1
1
2
1
2
1
3
1
1
1
1
2
68
2
4
6
2
1
1
2
1
1
1
1
1
2
3
2
1
2
1
3
2
1
1
1
2
2
1
2
1
3
2
1
1
6
14
1
2
1
1
2
2
7
1
1
1
2
1
1
6
1
2
9
1
6
1
1
1
1
4
6
5
1
4
1
2
1
1
4
1
1
1
1
2
1
1
2
1
1
1
2
1
55
4
14
2
1
1
1
2
157
1
2
1
1
8
3
2
1
1
27
9
1
1
1
4
139
1
1
1
4
1
2
1
1
2
2
5
2
1
1
6
1
1
1
1
2
3
1
5
4
2
5
2
2
5
2
2
1
1
1
1
1
2
1
5
10
1
1
2
1
2
4
4
1
1
34
3
1
1
6
1
4
3
1
1
1
2
2
4
51
6
1
1
2
3
1
1
2
4
1
1
1
3
11
3
2
2
11
1
1
13
1
1
1
2
1
3
1
1
4
1
1
2
1
2
2
3
1
2
2
1
1
8
2
7
1
1
1
1
1
1
1
1
1
3
1
2
2
1
1
1
2
1
2
1
1
1
1
1
1
1
1
4
1
1
1
5
5
7
2
1
2
1
2
1
1
1
1
4
91
1
3
1
2
2
1
2
1
1
1
5
5
6
4
1
1
2
1
1
1
1
1
1
2
1
1
1
2
13
1
1
1
3
1
4
2
2
9
1
1
6
2
5
1
1
2
1
1
2
1
5
2
1
3
2
2
1
1
2
1
5
1
2
11
1
3
5
1
1
2
2
3
14
1
1
1
1
2
1
2
7
1
6
4
10
4
3
3
1
3
2
1
6
1
1
1
1
4
4
3
2
2
2
2
1
1
1
1
1
1
2
3
1
1
1
1
1
3
1
4
1
1
1
1
1
1
4
1
2
7
1
1
1
1
3
1
4
25
1
2
6
2
1
1
6
5
2
3
1
1
6
35
1
2
1
1
5
19
3
28
1
2
3
1
1
1
2
1
1
1
3
1
2
7
1
1
1
1
2
1
2
6
1
1
1
30
1
2
3
6
1
6
5
2
2
1
1
6
2
5
2
1
1
7
11
1
5
1
1
1
5
1
2
2
2
2
161
2
1
1
1
3
3
2
1
2
5
2
1
1
2
1
1
2
4
4
1
1
2
1
5
1
2
1
1
1
1
1
1
2
2
1
2
1
3
2
3
1
1
1
3
3
1
5
6
1
1
1
3
2
1
2
129
3
1
2
1
1
2
7
1
2
1
2
1
1
2
3
3
1
7
1
1
1
1
1
1
4
1
1
1
1
3
4
2
2
1
1
1
3
1
2
30
1
3
1
1
4
2
9
1
14
1
4
1
5
1
1
1
1
1
1
1
1
1
2
2
1
1
1
1
1
5
2
1
1
2
1
1
5
1
3
1
1
3
1
1
1
1
2
1
1
2
3
1
2
1
1
1
1
1
1
1
1
4
3
1
1
2
1
1
1
3
2
4
1
6
1
4
1
1
2
1
1
2
1
1
2
2
1
1
2
3
1
3
1
2
3
4
3
22
2
1
1
1
2
1
6
2
4
2
1
1
5
1
2
1
2
3
18
1
1
86
2
32
16
1
1
1
1
1
1
1
2
11
1
1
2
2
1
6
1
1
2
2
1
5
1
3
2
5
1
1
1
3
7
1
6
1
6
1
2
13
5
3
1
2
3
2
1
2
3
5
1
4
1
1
2
8
1
1
2
1
1
1
1
13
1
1
1
1
1
1
4
1
1
6
1
3
1
1
1
1
3
2
5
1
1
2
1
25
5
1
1
10
1
3
6
1
9
2
4
3
2
6
3
3
4
2
2
3
1
1
2
1
2
1
1
1
3
1
1
2
1
2
1
1
1
2
5
2
3
2
3
1
3
6
1
4
1
3
1
7
1
1
1
14
8
1
15
1
1
1
1
3
2
3
3
1
1
3
1
4
1
2
7
1
5
1
5
1
1
32
4
3
1
3
1
8
1
1
13
17
1
3
1
3
1
1
1
5
8
2
8
2
1
4
4
3
2
8
1
1
3
1
51
1
1
1
1
6
1
1
1
8
17
1
1
1
1
2
3
4
2
5
4
15
14
4
2
1
1
1
2
1
2
13
1
1
1
2
1
6
6
1
1
2
3
1
4
2
1
1
2
2
3
3
8
6
2
1
2
1
1
6
7
1
1
108
3
3
4
4
3
3
2
2
3
2
124
1
1
2
1
2
1
2
5
4
1
1
6
6
6
1
1
2
1
1
1
1
1
1
2
2
1
6
2
1
1
2
1
1
2
6
1
1
1
2
2
1
2
1
2
3
1
3
1
1
1
1
1
3
1
1
71
106
1
7
2
1
4
11
1
7
8
1
2
4
4
1
1
1
1
1
30
8
1
1
2
4
5
1
1
1
1
2
1
1
1
2
2
1
1
1
4
1
1
1
1
7
1
1
1
2
1
16
7
1
1
1
1
1
1
3
1
1
3
1
2
3
1
1
1
1
6
1
1
1
1
3
3
1
1
3
1
1
6
4
1
1
4
2
1
1
1
1
1
1
1
5
1
9
1
2
1
1
1
2
134
32
23
1
2
2
2
1
1
80
1
1
1
5
8
1
2
20
1
1
2
1
1
1
2
1
1
1
1
1
4
1
1
2
1
1
2
2
3
4
1
1
3
1
1
1
1
1
1
2
1
1
1
1
2
1
3
7
10
1
1
1
3
9
1
5
12
2
1
1
2
3
1
2
1
2
1
11
1
1
236
4
1
1
1
1
3
1
3
69
1
1
1
1
1
4
1
2
3
1
1
2
2
1
2
1
1
1
2
7
2
3
1
1
1
3
1
2
2
1
1
1
1
1
2
1
1
1
1
4
1
1
1
5
2
1
1
1
3
1
1
1
3
1
7
1
2
6
37
3
1
2
11
2
3
2
2
1
20
7
1
1
1
1
2
1
4
1
2
2
2
2
5
2
2
477
1
2
1
1
1
1
10
1
1
2
4
1
3
1
1
1
1
1
4
3
3
7
1
5
17
1
1
1
1
2
2
2
1
1
4
3
2
1
47
3
1
1
1
1
1
2
2
1
1
1
1
1
2
1
4
2
1
1
6
11
2
1
9
3
9
1
1
2
2
6
31
1
2
1
1
1
1
2
1
1
4
1
1
1
2
4
1
1
2
3
1
1
1
2
1
1
1
4
2
6
2
5
1
1
1
1
1
5
16
5
1
4
2
1
1
4
1
1
10
7
3
1
8
1
1
1
2
1
1
1
2
1
2
1
1
1
1
3
5
1
1
5
3
2
1
2
1
1
2
1
1
1
11
2
1
1
1
1
2
1
1
1
1
1
2
1
1
1
4
1
9
1
11
1
13
3
1
13
4
1
3
6
1
1
1
2
5
1
1
1
1
1
3
2
1
1
4
1
1
3
1
1
2
1
7
1
2
1
3
2
1
1
15
1
5
1
1
3
1
13
1
1
1
1
2
5
1
1
1
1
3
1
2
3
1
1
1
1
1
1
3
2
1
3
1
1
1
2
1
2
1
1
2
2
1
4
1
1
11
2
3
1
1
3
1
10
1
1
5
1
3
1
1
3
2
3
9
1
4
1
3
2
1
3
12
1
1
1
1
1
2
1
4
15
2
1
1
2
3
2
3
1
3
4
1
1
2
2
1
7
1
1
1
1
6
1
2
4
1
2
3
1
4
1
3
1
1
1
1
1
1
1
2
2
10
3
3
1
1
1
2
1
1
5
1
1
1
1
1
2
1
1
3
11
1
1
1
2
1
1
1
1
1
3
1
1
3
1
2
1
1
4
1
2
1
1
16
1
1
3
5
2
1
1
1
1
1
1
1
3
2
3
1
2
2
1
1
1
7
1
1
3
2
2
1
3
1
3
3
1
3
1
1
1
1
3
1
1
3
1
1
1
1
3
2
10
1
9
2
1
1
2
2
1
1
1
1
1
5
1
2
1
1
1
2
1
8
1
1
1
1
1
1
1
1
1
1
1
1
1
3
1
1
1
1
1
1
2
1
1
1
1
2
2
1
1
6
2
1
3
1
1
2
1
4
1
1
6
1
2
1
1
1
2
1
1
2
1
6
1
1
3
1
2
1
1
1
28
1
1
2
1
1
1
1
1
1
2
2
89
1
1
1
1
2
1
1
1
1
1
1
10
5
1
1
1
4
3
1
3
1
1
2
1
15
1
1
1
2
1
4
4
11
1
1
1
1
1
1
4
4
31
2
1
2
1
1
1
4
1
1
1
6
2
1
9
7
1
5
2
3
2
1
2
1
1
1
2
1
2
1
2
4
4
1
2
1
1
2
1
3
10
12
39
13
1
1
1
1
147
1
1
3
1
3
1
1
1
1
1
1
1
2
1
1
1
1
1
1
1
1
3
5
2
3
3
14
12
9
2
2
2
1
1
1
1
5
1
1
8
26
1
1
1
68
1
1
22
4
2
20
2
17
1
1
1
1
1
1
1
1
2
1
1
1
1
1
6
1
1
16
4
5
11
4
1
1
1
1
1
5
3
1
1
4
1
2
1
1
1
1
1
2
2
4
5
3
1
1
3
1
1
2
2
1
1
2
2
2
1
1
1
1
3
2
1
1
3
3
1
2
33
1
1
2
1
1
2
1
1
8
1
6
2
1
1
1
2
1
4
2
3
1
1
2
1
5
2
1
1
1
1
1
1
1
1
1
1
1
2
2
1
1
1
1
1
1
1
1
3
3
1
1
1
1
1
2
4
4
3
22
4
1
1
3
1
1
4
1
12
2
1
1
1
1
1
1
1
6
4
3
1
4
6
1
1
1
3
1
1
1
1
3
1
1
2
3
1
1
1
1
1
1
1
1
1
14
1
2
1
1
1
1
1
1
1
1
1
3
2
2
2
1
1
2
4
2
1
1
1
1
6
1
1
1
1
1
1
1
1
3
1
1
1
2
1
1
1
7
1
4
1
1
1
1
1
1
1
3
3
1
1
1
2
1
2
1
1
2
1
4
4
1
1
1
2
2
1
1
4
3
4
1
1
2
4
2
2
1
1
1
4
1
2
17
1
1
1
4
4
29
2
2
3
1
3
1
6
78
1
7
1
1
3
1
1
15
3
1
2
2
2
1
1
1
1
1
5
2
2
1
2
1
1
4
4
1
1
3
35
9
1
1
1
1
1
1
1
4
1
1
1
1
1
1
3
1
12
38
1
2
1
2
2
2
1
10
1
2
1
7
15
2
1
1
4
4
1
3
2
2
1
1
4
4
1
1
2
1
1
1
1
3
1
1
1
1
2
2
1
6
1
1
2
2
6
1
2
1
6
1
11
1
1
1
32
1
1
1
3
1
3
1
1
1
1
2
1
1
3
1
1
5
1
1
1
2
3
1
1
1
2
1
1
1
2
1
3
1
1
2
3
4
1
1
3
3
1
2
1
2
5
1
1
2
2
1
1
18
1
1
3
2
2
2
10
2
5
6
1
1
1
1
1
1
1
5
2
33
2
4
5
1
1
15
1
4
1
1
1
2
1
1
1
6
4
1
1
4
2
1
3
2
1
1
1
1
1
1
1
17
3
1
2
1
1
5
1
5
1
9
1
6
1
3
3
2
3
1
2
2
12
1
1
1
1
11
1
1
1
1
1
2
1
1
11
12
1
2
12
1
5
1
1
9
1
2
3
16
20
5
6
1
2
1
3
1
1
1
3
2
2
1
1
1
1
1
14
2
7
2
2
7
32
6
2
1
2
1
48
4
1
1
1
1
5
1
1
5
1
2
1
12
1
4
1
1
1
1
2
5
1
1
1
6
1
8
1
3
1
1
1
1
1
2
1
15
7
11
4
1
3
3
1
1
4
1
1
6
1
1
1
1
1
1
2
1
1
1
1
2
1
1
2
1
2
1
1
1
2
7
102
2
3
16
1
1
3
1
1
6
4
1
3
1
22
2
1
1
1
1
1
2
7
7
1
1
2
1
1
2
8
1
1
2
1
1
1
1
1
1
3
1
1
2
1
2
1
7
1
45
5
7
8
1
5
10
2
3
1
1
1
5
5
1
7
1
1
1
4
5
1
4
1
1
5
1
1
3
9
9
3
4
2
2
2
14
1
1
20
1
1
2
1
11
14
8
1
12
2
3
8
2
4
12
3
12
3
1
2
1
1
1
2
1
1
1
9
12
9
7
1
3
4
2
2
3
1
2
3
3
1
2
7
6
6
1
1
4
4
1
9
2
1
2
2
5
1
3
1
3
1
1
2
1
1
1
1
1
8
1
2
2
1
13
2
1
3
1
1
2
2
2
1
5
1
1
2
2
3
1
1
2
13
53
20
2
1
1
1
1
2
3
1
1
1
2
2
3
3
2
1
1
1
1
1
3
7
1
1
1
1
1
4
1
1
1
1
1
5
13
19
1
1
5
2
1
1
9
1
1
1
1
1
1
4
1
3
4
9
1
1
1
2
2
1
8
6
1
3
2
3
1
1
2
1
1
1
1
6
1
1
1
2
1
2
2
1
1
1
4
1
3
2
1
1
3
1
3
1
1
1
1
1
1
3
2
1
1
5
8
12
6
1
2
1
1
1
3
2
1
1
3
6
1
2
1
1
1
1
1
1
1
1
1
3
1
5
1
4
1
2
1
1
4
2
1
1
2
2
1
1
1
10
6
2
1
1
2
1
3
10
1
1
1
1
1
2
1
4
2
2
1
2
1
1
1
1
3
2
1
9
1
2
1
2
1
3
2
1
1
4
1
3
1
1
1
1
1
1
2
1
3
1
1
2
1
2
1
1
1
1
2
1
1
9
1
1
2
1
1
1
1
2
1
1
4
1
1
3
2
6
1
1
1
1
2
3
1
2
1
1
6
1
6
2
3
2
2
1
1
1
1
6
1
2
98
4
1
1
1
2
1
1
1
2
1
6
1
3
2
1
1
1
1
2
1
6
5
2
2
1
2
2
1
1
7
1
4
1
2
8
1
1
4
1
1
6
3
2
1
1
1
1
1
1
1
3
1
1
1
2
13
1
10
1
1
1
1
1
7
1
2
5
1
1
2
3
1
1
1
4
8
2
4
1
1
7
1
1
1
3
1
1
1
3
2
2
3
5
1
1
1
1
1
4
1
1
1
1
1
1
1
2
7
1
14
2
5
1
1
1
1
1
2
1
7
2
1
1
14
4
1
1
1
1
2
1
1
1
11
1
1
1
1
1
1
2
7
1
3
1
1
1
4
1
1
3
1
1
1
1
1
1
1
2
1
2
1
2
1
1
1
2
1
7
3
1
1
1
2
2
1
1
3
3
1
1
2
1
2
9
1
2
1
1
1
1
1
2
1
1
3
1
1
1
3
2
2
1
2
3
1
2
2
4
1
1
1
1
1
1
2
1
1
1
4
6
3
3
2
2
10
5
1
4
11
1
34
2
1
1
1
1
1
1
1
1
1
2
1
2
4
3
1
2
4
1
1
1
1
3
1
1
1
1
1
1
1
4
2
2
1
3
1
2
3
4
2
1
1
2
2
2
1
28
5
1
3
5
1
1
8
1
1
1
2
1
19
6
1
4
5
1
2
9
1
1
4
1
1
1
4
1
4
3
1
1
2
1
1
1
1
11
1
1
1
1
2
1
1
2
1
4
1
1
1
1
1
1
3
1
1
1
2
1
5
3
1
3
2
3
1
1
2
2
1
1
2
3
2
2
2
1
1
1
1
1
4
1
2
2
1
1
1
2
5
2
1
1
1
3
1
18
1
1
2
1
1
1
1
1
2
2
3
32
6
3
1
4
1
3
3
1
1
1
4
1
1
1
1
2
2
2
2
2
2
6
2
2
10
2
1
1
2
2
1
4
1
1
2
1
2
1
1
1
1
9
1
5
2
4
1
8
1
2
16
1
1
1
1
2
2
1
2
1
1
1
1
8
6
10
9
20
3
2
1
2
1
2
1
1
1
1
1
10
1
4
1
1
1
1
2
1
1
3
2
1
2
1
1
2
3
1
7
1
1
1
1
1
1
1
1
1
2
1
3
2
1
1
1
1
1
2
2
2
2
1
2
1
1
1
1
1
1
2
2
1
1
1
1
1
1
1
1
1
1
2
1
1
1
2
1
1
3
1
1
2
1
2
1
1
1
1
1
1
2
1
2
1
2
1
1
1
2
1
3
1
1
1
1
1
1
1
2
3
1
3
1
1
3
2
1
2
1
4
1
2
1
1
1
1
1
1
1
2
1
2
2
2
2
3
1
6
3
1
1
6
1
1
1
1
2
4
1
1
1
3
1
1
1
10
4
114
1
4
1
1
1
1
1
1
4
1
1
1
1
1
1
2
1
2
1
1
1
1
1
8
2
1
6
2
1
6
2
2
1
1
2
9
1
1
5
1
1
1
2
3
1
1
1
1
1
1
1
1
1
1
1
1
6
2
1
1
1
3
2
1
2
4
1
1
1
1
23
3
1
1
2
3
5
2
1
1
6
1
2
1
1
1
3
1
1
1
4
1
1
1
1
5
2
2
1
2
1
1
8
1
1
1
2
1
1
2
1
2
1
2
1
1
1
1
1
4
42
2
1
1
1
1
1
1
3
1
1
15
1
1
1
1
1
1
1
2
1
1
2
1
1
1
3
1
1
2
3
1
1
2
2
1
1
1
1
2
1
1
2
1
1
4
1
1
2
1
1
1
1
1
1
1
1
2
1
2
1
2
2
1
1
1
1
2
2
1
1
2
4
1
2
1
2
1
1
3
3
1
1
1
2
1
1
2
1
1
1
1
1
1
4
1
2
3
2
1
1
1
1
1
2
1
2
2
2
1
2
1
3
1
1
1
2
2
2
1
2
2
1
3
1
1
1
1
3
2
1
3
1
1
1
1
1
3
5
1
1
1
1
2
3
2
1
2
1
6
1
2
1
11
1
1
1
2
1
2
1
1
1
2
5
1
3
1
1
1
1
2
1
1
1
9
3
1
1
2
2
1
1
1
1
1
1
1
3
2
1
1
1
2
7
1
2
1
2
1
1
2
1
3
2
1
1
1
5
1
1
1
1
2
1
1
1
1
1
1
2
3
1
3
2
3
1
2
2
1
1
1
1
1
1
2
1
2
1
1
2
2
1
3
4
1
1
12
3
12
1
2
1
2
1
1
1
1
1
2
1
3
1
1
1
2
1
1
1
1
1
1
1
1
1
1
1
2
1
1
2
4
1
1
3
1
1
4
1
1
2
1
2
2
1
1
1
1
1
3
2
1
1
1
2
2
2
2
1
4
1
1
1
1
1
2
1
1
1
1
1
1
2
1
1
2
1
1
1
1
1
3
1
4
1
1
1
1
1
6
1
1
1
9
1
2
2
1
1
2
3
5
2
2
1
1
1
1
1
1
1
1
1
2
1
1
1
1
1
1
1
2
1
1
1
1
2
2
1
2
1
2
6
1
1
3
1
1
1
3
1
1
1
2
1
4
1
1
1
1
1
1
1
2
1
5
2
2
1
1
1
1
1
1
3
3
1
2
1
2
1
2
1
1
1
1
1
2
1
2
1
1
2
1
1
1
1
3
1
4
1
1
1
1
1
1
2
1
1
3
3
1
2
2
7
2
1
1
2
1
2
2
1
3
2
1
1
1
1
1
1
1
1
1
1
1
2
1
1
1
1
1
1
1
1
1
1
1
7
1
1
1
1
1
2
2
1
1
2
4
1
2
2
1
1
1
3
4
3
1
1
2
1
1
3
1
2
1
1
2
1
1
3
3
1
4
1
1
1
2
1
1
1
2
9
1
1
2
1
1
1
1
3
1
1
4
1
4
1
5
19
1
1
1
2
2
1
1
1
2
6
1
2
1
1
1
1
1
3
3
2
1
3
1
1
1
1
1
1
1
1
2
1
1
2
1
2
1
1
1
1
1
3
1
1
1
33
3
4
2
4
1
1
5
2
1
2
1
5
1
3
2
1
1
1
1
2
3
2
1
1
2
2
24
1
2
1
5
1
2
1
2
1
2
2
4
4
1
1
2
1
1
1
1
1
1
1
1
1
1
1
1
1
1
1
2
2
2
1
1
2
8
1
1
3
1
4
1
2
2
4
4
2
1
1
1
5
3
1
1
1
1
2
2
1
1
1
1
2
2
2
10
1
1
1
1
1
1
4
1
5
1
1
1
1
1
1
2
1
1
1
6
1
1
1
2
1
1
1
3
2
2
1
2
1
1
1
1
1
1
2
1
1
1
1
3
1
2
1
1
1
1
1
1
108
1
2
2
4
2
2
1
1
1
1
2
1
1
1
1
1
1
1
1
1
1
4
1
1
2
2
1
14
3
1
2
5
1
1
1
4
1
1
3
7
1
1
2
1
1
1
1
1
1
1
1
1
1
1
2
1
1
1
1
1
1
2
2
1
3
1
4
1
1
1
1
1
1
1
1
1
1
4
1
1
2
1
1
3
1
1
11
1
1
1
1
1
2
3
2
2
1
1
1
1
1
1
1
1
1
1
8
3
1
1
2
1
1
2
3
6
1
1
1
1
1
1
2
1
1
1
1
1
7
2
5
1
1
2
1
1
1
1
5
1
2
1
1
4
1
1
1
1
1
1
1
1
1
2
1
1
1
1
1
1
1
1
2
1
4
1
1
1
1
1
3
1
2
1
1
1
1
1
1
1
1
1
1
1
1
1
1
3
2
1
1
1
5
2
1
1
1
1
3
1
3
1
3
5
1
5
2
2
1
1
2
1
1
5
1
2
1
1
1
2
1
1
1
1
1
1
10
1
1
1
1
1
1
1
1
2
67
1
1
331
1
1
1
1
1
1
1
1
1
5
1
1
1
1
1
1
1
1
1
1
1
1
1
1
1
1
1
1
1
1
1
101
1
6
2
1
3
1
2
1
1
3
1
1
2
2
2
3
1
1
2
1
26
2
1
2
1
1
2
1
1
1
1
1
3
1
1
1
1
3
1
1
1
1
1
1
1
1
1
1
2
1
1
1
1
4
3
2
1
1
2
1
1
1
1
4
1
2
1
11
2
1
2
1
2
3
1
1
1
1
1
1
1
1
1
1
2
1
1
1
1
6
1
3
1
1
1
1
1
1
1
1
1
1
1
1
1
1
1
1
11
9
2
1
1
1
3
6
1
2
1
1
1
2
1
1
2
1
1
1
2
1
1
1
1
1
1
2
1
2
1
9
1
3
3
1
1
1
1
1
1
1
1
1
1
1
1
1
1
1
1
1
2
1
2
1
1
1
1
1
1
4
1
1
1
10
10
3
1
1
1
2
1
1
1
1
1
1
1
3
1
98
2
7
1
1
1
1
2
1
20
3
4
1
1
1
5
2
1
1
4
2
1
1
1
1
1
1
5
1
2
69
1
1
1
1
2
1
1
1
1
1
1
1
1
1
1
1
1
1
1
1
1
4
1
2
2
1
1
1
1
1
3
1
1
1
3
1
1
4
1
2
1
1
1
4
1
1
3
1
1
1
1
1
1
1
1
1
1
1
1
1
1
1
1
1
2
1
10
3
1
2
1
2
1
3
2
2
1
1
1
1
2
1
2
1
2
1
1
3
1
5
1
1
1
1
1
1
1
1
2
3
1
2
1
1
1
1
1
1
1
1
1
2
1
1
1
1
1
1
3
4
1
4
1
8
1
1
1
1
1
1
1
1
1
2
4
9
1
1
1
2
2
1
3
3
1
3
1
1
1
1
1
1
1
1
1
7
1
1
1
1
1
3
1
1
1
1
1
1
1
2
1
1
1
1
1
1
1
2
1
1
2
1
4
1
1
4
1
1
1
17
1
1
2
2
2
2
1
1
1
1
3
2
8
2
1
1
1
1
1
1
1
3
1
2
1
1
1
1
1
4
1
1
1
1
1
2
1
4
4
1
1
1
1
2
1
1
1
1
1
1
1
1
1
1
2
1
1
1
1
1
1
1
1
2
3
2
2
1
1
1
1
11
1
1
1
1
1
2
1
7
3
2
1
1
1
4
1
4
1
2
2
1
1
1
14
1
1
1
1
1
3
1
1
1
5
1
1
1
1
2
1
2
1
1
2
2
2
6
2
1
1
1
1
1
1
1
1
1
1
1
1
1
1
1
1
1
1
1
1
2
1
1
3
1
8
1
1
1
4
1
1
1
1
1
1
1
1
1
1
1
2
1
1
1
2
1
1
2
2
2
2
1
2
2
1
5
2
1
2
1
1
1
2
1
1
1
3
1
1
1
2
1
1
1
1
2
1
1
1
1
1
1
1
1
1
1
1
1
3
1
1
1
4
2
1
1
1
1
1
1
2
1
1
1
1
1
1
1
1
2
1
3
1
1
2
4
1
1
1
1
1
1
5
1
3
1
5
1
2
1
1
1
5
1
1
1
1
1
1
1
12
2
1
2
1
1
3
2
4
1
2
1
1
2
1
2
1
1
1
1
1
2
1
2
1
2
60
1
1
1
1
1
1
1
1
1
1
2
1
1
1
1
153
1
2
1
2
1
1
1
2
1
1
1
1
1
1
1
1
2
1
8
1
1
1
1
1
2
1
1
1
2
2
1
1
1
1
1
1
2
1
1
1
1
1
2
1
44
1
1
1
2
2
1
1
1
1
5
1
1
1
1
1
1
2
24
2
1
1
1
2
2
1
2
1
1
1
1
1
1
2
1
1
1
1
1
1
1
1
1
1
1
2
4
5
1
1
2
2
1
1
2
2
1
6
1
2
1
6
1
1
2
1
1
2
1
1
3
1
1
1
2
1
1
1
2
1
1
1
1
1
4
2
1
1
1
8
1
1
1
1
1
1
14
2
1
1
1
1
1
1
3
1
1
1
1
1
1
1
1
1
2
1
1
1
1
5
1
1
1
1
8
1
1
2
1
2
1
1
1
1
1
1
2
1
1
1
1
1
1
1
1
1
1
76
4
1
58
1
1
1
11
11
3
3
3
1
1
1
1
1
17
61
1
6
2
1
32
1
1
1
1
1
5
1
2
2
2
1
1
1
3
2
1
8
1
28
1
2
1
11
1
1
1
1
4
1
1
2
1
1
2
2
1
2
1
1
1
1
1
7
39
4
15
44
79
100
11
1
1
1
9
26
1
2
1
15
1
1
1
1
1
1
13
1
4
1
1
1
1
1
1
1
11
21
11
1
4
2
1
28
2
2
10
11
1
2
11
3
1
2
2
12
8
2
1
3
3
2
1
1
1
1
4
6
29
58
1
1
3
3
2
8
1
2
2
5
17
1
3
1
2
2
8
7
3
1
1
1
3
1
1
2
1
1
1
1
1
2
1
18
18
1
13
1
2
4
7
2
2
28
2
1
1
6
2
1
1
9
6
5
1
6
11
8
1
3
3
1
1
2
2
2
1
5
11
6
1
5
4
1
1
2
12
2
1
4
6
5
2
1
1
3
4
3
1
2
1
1
3
1
1
1
1
1
1
5
1
2
1
2
2
12
1
1
4
1
1
1
1
1
2
1
1
5
2
1
1
1
1
1
3
2
1
33
4
5
3
1
1
4
4
8
1
3
2
1
2
1
1
3
1
1
2
2
2
1
3
2
2
3
1
2
3
3
3
2
1
3
5
1
3
1
2
4
3
4
1
2
1
2
1
4
2
1
1
1
1
9
12
1
2
1
1
1
1
1
5
2
1
1
5
2
2
2
1
2
1
2
1
1
2
4
1
1
4
2
1
2
2
1
1
1
1
1
1
1
1
3
1
6
5
3
4
20
1
1
4
1
1
1
4
8
1
7
1
2
1
2
4
1
1
1
1
4
1
1
2
1
8
1
2
2
1
1
1
1
1
2
1
4
1
1
3
1
2
2
4
12
1
1
1
1
17
1
2
2
1
2
2
1
1
1
1
1
1
1
2
2
2
5
7
2
2
1
1
1
2
2
1
1
1
2
1
3
1
1
1
6
1
1
1
2
3
2
1
1
1
4
1
1
1
2
2
4
1
1
1
1
1
2
4
1
1
1
2
1
1
2
1
3
11
1
2
2
6
2
2
1
5
6
4
1
1
1
1
3
1
1
1
1
1
4
2
2
1
1
1
1
2
2
1
2
2
8
12
1
1
1
1
1
1
1
2
4
4
2
4
1
4
4
1
1
2
1
5
1
2
1
2
2
1
1
1
2
2
3
3
3
6
3
1
1
1
3
2
2
1
1
1
1
2
1
1
4
2
1
1
1
2
2
1
2
1
2
2
1
1
3
1
2
1
3
3
2
3
4
3
1
2
2
1
1
1
2
1
1
2
1
1
2
2
1
1
5
1
1
1
2
1
1
1
1
2
2
2
4
2
1
1
7
2
1
2
1
2
3
7
1
1
1
6
1
1
1
2
1
1
2
1
1
1
3
1
1
1
1
1
2
1
1
2
1
1
1
2
2
1
1
1
2
1
2
1
1
1
2
2
1
2
4
1
1
1
1
1
1
2
2
1
1
1
2
1
1
1
1
1
2
2
1
1
1
1
2
2
2
2
3
1
1
4
1
1
2
1
1
1
1
1
1
1
1
1
1
2
1
2
1
1
1
1
1
1
1
1
2
1
1
1
1
1
1
1
2
2
1
1
1
2
1
1
2
1
2
1
1
2
1
1
1
1
1
1
1
2
1
1
1
1
1
1
1
2
1
4
1
1
2
7
1
1
1
1
1
1
1
3
2
3
1
1
1
1
1
1
2
2
1
1
1
1
1
1
1
1
1
3
1
3
1
3
1
2
2
2
2
1
2
1
1
1
1
2
1
1
2
1
1
1
3
2
2
4
1
1
2
1
2
2
5
1
1
2
4
1
1
1
1
1
1
3
3
1
2
1
4
1
3
1
1
2
2
1
1
1
1
1
2
1
2
1
1
3
1
3
2
1
1
1
1
1
1
1
2
1
1
1
1
1
1
1
2
2
2
1
1
1
1
2
1
1
2
2
2
2
2
1
2
2
1
1
1
3
1
1
1
2
2
1
1
1
1
1
2
2
1
1
1
1
1
2
1
8
1
1
1
1
2
2
1
1
1
1
1
2
2
1
1
1
1
1
1
1
1
1
1
1
1
1
1
1
1
1
2
1
3
1
2
1
1
1
2
1
1
1
2
1
2
1
1
1
1
1
1
1
2
1
1
1
2
5
2
1
1
2
1
2
2
2
1
3
1
1
3
1
1
1
2
1
1
1
1
1
1
1
1
1
1
1
1
1
1
1
1
1
1
1
1
2
1
2
1
2
2
1
2
5
2
2
1
1
2
