113
3575
1245
224
1210
2035
366
331
638
1715
317
1813
1605
847
1286
2602
1853
305
971
234
8219
1156
1619
296
8396
1325
344
1494
135
1465
673
494
311
1133
3575
270
1605
986
855
1295
6617
964
817
2047
1289
3496
326
1133
954
763
140
832
12376
1406
979
753
90
257
673
709
159
394
1059
556
619
254
7419
1573
7791
399
2178
773
293
934
63
2903
1494
627
689
1483
163
141
614
21337
442
611
1056
678
1651
11198
10197
802
408
1027
1116
1286
614
1644
11369
1186
1966
7679
3496
39013
1314
1465
28
305
3496
337
96
771
673
1813
435
12376
254
683
1558
1629
1053
212
1055
813
2507
2458
1637
7638
612
859
709
1788
973
1316
1407
1541
2420
1107
428
7791
249
7791
12376
148
2255
231
717
209
1796
318
1406
4234
1064
264
49
3457
3574
2058
1156
1893
795
323
855
1053
228
2058
93
322
1381
442
217
191
2888
779
701
658
7791
6422
673
2903
1583
971
709
394
159
717
1133
1325
936
287
354
326
873
4498
1605
1186
740
2735
3054
908
6762
886
706
1211
4455
740
1245
706
550
933
1289
2649
1110
1090
1916
539
1544
408
2545
1185
2047
341
40
248
194
428
969
22223
4093
1663
6998
212
1002
2554
1406
1360
2220
384
212
4565
12376
665
1512
2270
2270
341
16179
744
1311
1133
1211
1057
1893
6762
8462
788
8273
311
2735
570
653
470
442
209
1578
1788
1902
3496
1573
371
690
344
2273
1982
2028
484
2163
182
1465
2420
1185
353
385
954
889
249
1325
22711
981
63
231
4
2142
22711
1541
1605
1004
362
665
1286
1966
987
653
672
147
384
3574
841
982
1432
672
1658
1360
235
235
582
342
10197
936
1164
399
510
1883
3706
809
249
934
63
190
6762
746
4093
337
442
981
2035
951
665
2484
1042
67
1902
678
11198
408
678
321
296
12376
450
473
4
408
1071
3706
4951
107
869
131
886
3627
1115
1558
2273
638
845
8360
868
49
344
1450
234
619
297
872
224
1211
736
2509
1901
1325
182
2035
795
2509
1373
1699
865
2801
414
521
1801
1053
1454
1292
131
117
4
2028
2554
971
267
49
689
951
1058
682
1245
1116
5845
740
1976
1184
855
1325
2096
1466
740
857
14550
1420
2554
928
683
878
28
1406
17349
2507
2974
390
248
1053
293
693
678
592
285
679
740
689
973
434
510
746
859
3568
559
2444
73
673
1108
865
763
627
2458
1278
423
13265
1381
322
858
2395
920
771
463
40
3210
344
931
585
1494
807
1499
1583
1087
1430
2338
732
2047
212
212
498
107
1292
1067
1184
209
1273
2996
1210
870
218
296
2458
1210
1286
414
779
9064
908
438
2974
673
689
709
702
936
244
1675
248
147
739
665
847
1292
845
2953
806
8360
318
135
845
689
1430
2270
746
50
73
678
318
2288
1573
6762
234
361
234
1243
758
1499
660
5644
921
612
619
217
367
1990
502
2888
758
1274
1042
1444
1344
753
244
2290
2290
1185
1605
352
2929
753
208
625
1512
93
428
260
1185
1788
908
8462
1116
2604
9064
209
740
107
217
267
310
1853
1715
1541
2974
473
1767
653
272
2507
9064
2554
614
353
49
1893
795
267
604
2554
1406
908
1272
352
1619
206
1407
700
2649
151
314
408
1110
441
687
224
721
494
1418
1427
90
773
1092
1311
1573
535
542
1108
982
1057
2977
2130
1541
496
773
217
312
537
470
1211
390
322
499
260
1191
107
384
3568
15328
254
950
982
678
235
2554
1407
2035
2554
182
931
660
1186
445
878
1454
102
1406
7638
285
384
196
1406
2888
2333
40
2251
706
1759
361
2649
2035
1465
297
869
3575
701
1281
1407
934
250
1056
1185
473
868
1295
311
2752
224
362
221
264
1191
822
1108
1227
11369
221
614
264
954
1211
981
802
1535
732
8462
842
494
2163
206
234
934
868
2058
672
438
1210
653
658
1295
1578
267
702
611
1381
253
63
1289
1465
936
2527
2251
342
1108
1401
384
2163
542
2178
649
638
1406
7791
319
194
260
2707
1658
141
470
190
4565
1494
1133
1008
236
1227
1632
1108
744
1659
1567
1983
296
1133
1292
366
958
435
2330
2255
510
982
1184
250
1503
371
2545
1378
773
1407
224
539
671
679
221
382
272
1990
127
234
17349
532
806
2974
435
2142
428
214
353
971
746
4455
1114
665
235
893
1535
2929
671
1071
1331
642
394
1272
928
494
1499
928
740
823
802
235
709
813
971
1454
221
250
1272
665
438
241
709
148
820
521
1771
1114
3457
1227
1184
559
6422
391
2554
823
1407
2554
6910
679
353
1087
683
1573
820
424
1416
366
212
231
250
712
713
1325
1292
385
1245
347
678
1280
7419
1619
2507
936
320
399
1341
685
1311
1629
993
291
1295
435
12376
1311
865
1134
212
732
654
9174
6998
1074
243
3216
880
934
964
11198
85
813
1352
347
908
264
2240
17349
319
281
1406
428
385
310
294
428
758
407
1133
740
1315
689
366
740
649
2978
706
17349
384
1902
709
2058
296
240
6910
107
221
442
1002
1435
130
166
1416
2241
4
1432
1395
817
858
1407
49
70
1796
7791
1281
14398
1535
542
1042
268
727
1630
257
2509
1658
1108
2035
1133
541
649
931
865
2509
85
729
916
559
989
611
1004
1533
7638
1544
622
212
255
1630
1853
1558
907
224
2288
2836
1053
1444
678
1210
1056
709
1418
408
2929
6455
1311
1256
982
463
672
9084
6728
969
248
1768
250
8462
847
687
196
1407
1592
4455
7791
970
494
1774
981
311
231
3706
1177
1280
1071
1280
649
1813
1311
4498
450
700
423
354
8219
713
717
39013
673
1278
2892
3496
494
908
2251
267
500
397
318
311
361
196
1588
709
317
2604
9084
701
4
3706
1788
224
397
1619
196
196
435
264
385
1059
1280
135
823
305
361
221
1494
802
234
684
1663
194
294
1965
2554
384
7638
1444
1177
2420
394
12925
773
1196
1357
1883
224
321
5966
12186
926
702
510
1407
918
12376
1416
1983
889
931
270
689
638
234
209
1813
190
265
823
102
746
654
709
2649
8273
1273
314
732
706
1156
2130
2604
6617
3575
2458
2333
3457
252
234
709
67
212
773
296
16179
450
713
934
908
428
798
1004
1454
934
5966
211
1361
1678
479
1373
823
806
209
1156
678
1057
1499
908
732
1767
250
1407
1343
673
361
1663
1185
870
50
565
889
673
1071
1745
5845
1325
9138
1494
1243
107
802
221
934
889
2649
2044
331
49
2035
1774
234
1853
2499
683
2649
212
212
746
159
1325
746
6762
813
886
1191
2270
116
683
1341
1840
3706
445
1454
6455
806
362
795
1281
311
1116
113
127
619
1116
15328
394
49
2270
982
234
308
997
496
1156
450
2047
1289
3457
2241
1990
1788
1401
1325
442
982
1360
1396
1801
1801
1064
210
954
858
763
868
1406
763
1982
758
361
73
296
1295
12376
1280
750
321
298
494
452
2338
24241
24195
2649
297
442
2035
682
424
740
6910
767
182
190
517
494
231
954
6455
8462
250
190
210
182
923
384
740
773
7
70
928
1208
1074
21337
344
2058
450
717
2554
7553
1300
234
889
2671
49
407
7638
1418
384
2241
1629
244
1107
296
672
758
352
224
2120
318
619
3575
1108
1842
384
2120
4455
1210
390
1360
5845
718
1141
2285
1107
267
1605
1965
982
221
1465
732
4951
546
12376
969
366
988
1278
717
1796
163
931
1801
296
224
1663
123
1407
228
817
931
687
542
2707
1515
3294
3496
1573
311
15328
158
1715
592
4951
673
570
1520
570
50
2270
2273
1295
385
817
234
7553
90
1292
163
970
8758
611
298
326
2058
934
1465
2169
190
434
556
2507
1027
857
1090
2220
291
270
1341
190
450
397
601
1133
310
672
806
1418
113
858
385
1327
1210
318
1515
414
1191
235
1658
1503
1107
1235
107
1107
397
1418
3706
788
2507
1177
1406
3216
445
805
2554
7791
1341
817
718
1983
1990
886
287
8758
2554
1103
16
744
1573
445
502
28
2255
423
298
611
1990
6762
408
1465
3647
16179
740
706
267
709
1406
326
1499
414
2752
1300
691
2801
709
709
323
353
1108
470
1184
1499
721
931
1407
1343
1325
209
1573
1853
6441
1454
310
371
1801
931
1965
3496
385
321
619
1091
622
1780
337
1406
1880
570
245
2604
740
265
260
