202
315
125
3404
1473
3690
1048
130
302
26
729
6
8131
1031
89
19
421
387
8935
7
24
1917
128
10
4
34
103
223
12
178
1433
245
631
669
57
357
69
1138
272
204
5
49
1395
618
73
19
328
9
70
466
9104
1134
116
52
926
4119
773
3
242
4903
4
19
2523
255
129
89
3
37
494
504
14
46
1764
8850
400
1419
2972
170
103
143
23
116
376
71
3
142
104
729
31
51
2169
1629
7
1905
63
284
162
926
1814
261
1585
291
5
22
1687
762
15305
28053
32
2286
720
164
1241
3330
37
5
1782
5
24
676
134
1084
10
210
6
14316
5001
8956
108
250
2611
323
179
1714
548
6339
7814
411
5
1623
496
132
742
107
542
47
3047
62
68
753
71
56
13
676
3412
46
5170
773
2991
1856
485
1906
935
5
5
44
13
764
2676
2386
421
11
12451
27528
7172
16
110
397
1289
11
349
1644
5
3134
5491
137
320
360
14
620
85
166
139
7068
5
298
137
1375
239
13
2313
1536
197
19169
237
231
1029
118
26
690
25
4423
3155
163
65
262
699
5
3756
14
1296
1517
1674
1500
1430
2732
4610
4327
492
618
1727
786
49
5270
315
213
2778
109
370
59
101
653
79
357
209
429
7
2779
2839
36
231
533
36
64
26
63
947
284
40
1835
1541
5
1334
31
217
4888
181
926
820
63
121
5389
1111
1794
116
68
679
209
706
14
703
1264
388
30
135
118
5
5
13
2110
6
1200
59
19
147
7
945
3090
121
22
282
48
126
6105
389
172
1365
69
17
7461
19
1785
130
310
392
347
2304
700
3396
8
6574
904
40
17072
38
212
695
328
45
2939
199
1351
182
188
345
329
166
11931
362
29
164
995
313
76
795
13
46
210
1233
5
278
1546
1639
77
8264
330
2352
73
1872
1027
406
1575
6760
618
21
548
45
1273
39
31
1831
1878
70
1232
1156
1478
8704
1171
3044
19
1537
921
100
45
18567
54
192
1166
1339
1376
1783
66
1094
7
1454
132
847
667
159
323
154
626
40
777
117
429
34
10
345
207
341
25
305
10
1931
470
7897
2810
3428
758
91
920
276
38
8
19
103
2551
900
110
2491
12
38
923
124
7
34
185
4908
583
5
682
1165
140
48
1150
452
403
5
48
1336
73
6
5990
2376
1676
107
299
27
1006
54
10
406
2311
5
5
2107
58
2663
709
1052
980
1660
36
1430
9
86
297
86
1715
2004
155
110
494
1839
123
30
151
3890
126
522
941
8
2008
2313
1187
11
39
3645
263
444
136
179
952
13
93
1280
858
4152
89
5
703
582
2832
1356
84
62
719
154
204
569
301
359
3523
9
218
338
942
16
24
107
72
7
794
616
1539
4775
2424
643
6
58
364
12841
7
11
5
404
21
15
723
1006
245
5
175
991
237
3717
580
16
2916
5
7169
50
11
105
466
8501
718
304
282
47
252
76
2996
769
284
583
1985
2109
2867
266
440
3603
7
1359
317
835
644
9
311
1663
617
51
16
214
877
61
21
1782
5760
142
573
7637
1203
105
1052
74
136
259
5661
2487
2167
217
9
490
606
732
76
560
3446
888
215
1709
27
761
264
1974
516
1397
10429
29
2693
1742
26
108
43
671
2758
113
7
713
120
1064
6497
514
333
26
1428
5
5
5
291
81
15286
1011
100
419
4086
5
5268
154
42
361
221
684
1090
5
88
23
100
4377
63
185
29
385
9
279
886
1231
700
520
1055
1122
458
2704
21
316
534
1451
3211
863
5
5042
1243
9
1085
237
445
755
13
5064
471
17557
33
3959
53
5
2738
7698
564
13
21
5
57
1869
699
389
743
530
891
3624
14
1082
25
44
752
239
155
5
2846
54
936
2598
1919
6580
388
2628
15
22
7122
1754
636
1586
40
17
36
17
682
55
516
52
196
670
48
14
5
1928
3117
345
1326
1696
128
920
58
116
794
27
708
394
577
9428
104
5
392
647
673
205
4219
3553
907
31
575
136
470
1824
69
31
520
299
319
5783
31
20
81
11
314
1141
3196
1144
122
7863
87
2830
41
20
2070
107
25
1753
1213
3671
25
66
1583
401
2251
39
357
601
55
153
446
64
127
3804
518
862
272
368
33
373
4960
10
1082
304
313
32
1357
656
445
157
32
58
619
771
270
1800
626
9
43
16
6
3427
331
1261
184
377
133
103
3585
456
3687
5
769
880
2506
117
8
898
257
2506
110
213
245
282
438
74
24
40
1877
4173
123
9
45
495
10
772
232
756
105
1901
818
8
1313
2208
26
4285
1662
3895
88
2151
197
279
554
42
276
5
237
1953
236
187
3358
116
825
75
321
652
1259
11
2482
7701
1030
10
177
517
211
21
268
78
1161
203
445
7144
254
156
182
306
33
8
4365
8
7788
14
108
918
639
1323
78
977
5
2161
149
624
9
5
70
60
467
68
2559
398
113
338
5662
153
12
829
866
331
891
311
5
598
574
3932
3651
94
147
458
286
156
229
502
9386
26
218
173
557
759
5
5809
8720
6232
249
668
5
12
2611
100
62
1894
81
57
106
176
58
592
345
690
19
208
819
583
1364
62
38
573
2008
587
251
386
9
6
52
882
133
59
189
21
142
471
70
2629
107
22
1509
449
15
66
3662
1874
424
10
404
173
22
762
207
740
8
4171
3414
3433
5577
5
269
59
33
2754
592
1953
6316
293
98
199
5
11
268
26
7
3008
19
493
1695
177
114
394
469
620
1277
15
964
94
63
250
17
87
1345
1096
5
9032
1163
161
2156
286
3144
307
707
416
14
515
156
23
3351
156
656
5
45
22
679
1120
40
925
1669
161
1122
5
185
4599
2225
551
116
10
5
1070
3586
284
26
188
25
26
49
543
3832
118
132
5
104
18
3194
321
639
376
23
1556
84
32
6
4290
9
2178
396
33
3398
399
5
56
1559
5
531
2475
8
60
1336
20
4204
666
1767
49
29
1442
838
101
1611
672
977
7
174
22
1194
244
177
742
10
8238
117
398
14
90
80
20
18
295
169
572
180
797
1094
80
867
167
5593
2827
14
172
1519
270
222
747
10
615
25
594
1978
199
1535
290
8056
132
764
181
93
758
4226
10
2529
4071
801
5
324
1292
1170
17
1314
558
9718
5
8
82
113
7147
515
3708
109
105
21
33
601
6
236
34
56
77
171
11
229
479
61
368
1763
2739
43
212
3272
702
693
850
2586
6
1103
276
6
16
63
1190
311
224
18
810
6
16
57
26
48
12
60
67
429
11
18
47
6
592
38
303
6
1105
2416
509
9
79
24
40
1323
68
241
66
65
3211
587
31
481
128
3384
169
32
53
893
6
23
466
1358
1273
67
6
107
186
10
20
202
657
35
113
31
186
6
132
50
129
502
54
231
71
399
270
462
77
39
7
18
88
102
146
129
73
703
541
661
901
497
1053
82
35
40
7
214
597
182
18
6
3461
12
6
252
13
1292
44
176
966
299
1664
28
1704
14
158
10
1645
16
34
24
2860
8
120
96
846
12
1081
330
140
16
62
806
149
151
179
39
84
310
400
334
109
37
945
192
1828
349
19
1044
609
84
721
22
128
4
356
46
10
4185
409
128
989
104
14
330
1288
1737
7
8
1004
106
21
98
175
1750
6
74
85
18
548
26
25
142
244
2134
8
1718
34
107
32
39
10
208
596
597
54
268
1024
648
1227
301
125
6
95
4
6
59
772
6
176
451
28
86
1150
195
26
233
2484
69
160
291
4322
51
8000
39
324
883
159
291
1299
714
449
53
13
127
292
476
126
71
55
282
912
184
89
46
98
51
5453
249
50
114
39
636
1202
1403
2318
5874
1409
847
225
285
257
10
1859
196
679
1403
766
1066
13
58
283
62
1815
2024
49
445
121
834
256
166
872
2741
618
330
102
279
232
50
800
1055
288
40
43
194
52
84
22
317
229
129
152
452
974
1181
88
1805
931
465
371
18
75
128
7
151
2513
30
202
157
36
10
96
2250
175
113
469
486
369
70
1078
33
353
29
1889
113
12
958
1974
21
22
155
1881
42
134
62
69
2732
14
358
376
151
7
187
452
1465
573
764
172
20
16
1922
325
186
4044
305
3062
758
139
7
337
508
56
203
205
490
7
395
7
7
246
675
258
479
416
9
4059
1535
663
138
913
98
52
687
8
112
19
154
1929
789
139
587
122
9
1341
283
493
243
293
101
91
14
213
461
516
2400
503
16
512
7
644
19
7
50
325
484
218
1052
182
7
422
446
582
84
307
219
56
1120
980
140
116
101
1736
57
31
2554
841
1949
957
77
211
97
612
642
14
375
596
321
848
349
188
2051
127
492
87
534
1465
138
404
793
58
235
1891
401
412
3877
477
390
1494
47
3871
837
72
276
705
75
153
2812
592
31
42
7
452
166
204
376
146
94
1242
119
21
1192
151
559
277
609
131
1795
607
248
248
188
29
33
46
1215
177
122
84
100
555
26
997
733
539
618
8
3814
23
1316
636
525
500
45
29
285
320
959
118
613
1059
772
182
15
284
9
181
192
47
216
622
18
7
230
274
39
1587
670
54
523
682
802
34
204
95
970
29
36
78
485
362
26
78
51
192
80
26
300
72
3490
262
330
666
989
2252
1007
2514
8
24
79
18
234
749
34
677
657
164
564
249
8
72
957
136
13
28
120
16
881
471
301
14
181
697
11
1652
677
970
38
181
1233
40
562
215
733
116
241
19
43
96
158
22
23
45
43
120
266
49
68
103
16
33
93
44
103
12
311
201
38
94
27
85
78
563
734
41
181
155
694
44
793
8
126
1949
652
370
23
41
76
56
156
388
2249
336
298
1107
178
136
28
96
691
945
511
67
793
371
11
9349
278
16
21
722
8
1182
262
336
244
753
921
1096
500
25
242
93
390
37
57
20
230
842
8
29
578
432
24
15
149
1284
68
81
85
8
14
64
1512
21
129
379
136
10
577
109
16
840
177
136
293
321
2623
288
553
94
116
372
46
479
53
186
2535
8
129
8
87
78
1215
687
1372
298
1756
61
1004
424
56
8
9
933
404
252
342
22
378
900
254
134
403
770
22
14
1073
276
164
669
66
508
30
33
195
83
43
51
61
39
441
8
43
1008
82
396
129
8
1457
110
8
307
224
312
109
30
324
109
243
334
121
1175
1490
60
113
27
138
692
514
79
106
67
15
50
424
845
145
1175
659
411
26
60
131
263
97
1341
31
116
1397
35
362
8
1467
53
559
984
88
2509
214
369
86
20
25
472
25
27
8
8
341
13
2385
143
229
59
907
571
116
604
167
57
330
13
444
391
12
118
49
55
18
65
2638
88
67
350
53
1170
251
912
153
1102
26
1134
144
8
12
154
529
102
127
267
561
575
51
352
3092
312
197
583
911
408
824
43
1178
345
785
179
366
858
567
392
578
528
725
843
107
84
988
139
269
115
117
52
134
1046
1222
13
18
626
38
216
258
88
579
39
105
329
35
77
323
107
59
998
30
32
2
335
228
210
193
197
755
70
242
134
155
123
292
93
83
2
657
19
447
14
267
425
565
94
15
77
366
7
208
284
65
31
108
12
381
46
349
79
89
123
24
654
208
88
534
37
2
138
287
79
490
54
1383
38
276
1064
357
8
208
89
894
615
134
218
121
599
89
112
307
41
128
160
255
344
156
4
23
61
36
61
416
386
820
232
743
1203
166
44
614
29
281
249
50
269
74
28
328
717
627
8
333
3
6
26
384
428
14
33
97
14
22
51
4
56
67
258
168
1339
55
214
766
45
8
121
390
46
8
72
292
117
1268
746
8
35
49
531
92
6
126
318
144
486
21
66
844
194
38
8
99
1202
917
920
188
79
5
883
44
27
57
371
669
749
61
61
989
8
525
27
9
11
128
114
207
196
1007
169
1056
404
35
1738
6
4
429
646
57
455
599
8
6727
84
48
9
157
312
59
329
34
73
1351
912
416
5
11
35
89
255
338
251
1382
241
303
51
68
608
41
1000
99
3431
14
3
46
22
609
732
430
9
74
112
511
205
72
20
315
73
1859
173
331
9
139
9
24
105
305
1048
23
44
43
237
5168
14
127
7
10
102
112
43
622
66
8661
249
138
1313
26
5
36
348
487
5
963
277
9
224
66
32
184
941
39
61
26
22
474
2271
361
26
12
11
451
14
20
277
14
1455
6
401
7
189
126
652
13
115
300
65
5
31
446
398
238
14
294
28
5
1401
284
3
6
10
3276
123
1578
219
5
82
3
402
5
5
347
3
1359
37
54
63
3
973
98
144
50
24
250
160
135
12
1067
582
25
899
231
168
11
91
620
235
37
17
140
67
200
627
1497
419
308
81
727
477
467
628
108
111
146
19
35
262
138
21
17
343
282
264
118
11
6
250
141
28
3
924
482
46
43
390
292
169
149
5
204
334
397
3
35
258
119
302
7
25
30
47
17
1932
109
17
5
232
150
714
5
1118
409
23
136
257
26
464
232
30
49
115
294
152
191
98
106
109
914
99
5
245
36
247
18
25
22
965
5
17
597
19
837
241
145
87
80
920
73
324
13
288
987
539
847
18
210
32
90
37
288
95
489
50
13
126
24
150
245
7
155
623
988
335
130
304
8
302
1090
150
642
35
371
241
911
81
238
8
16
126
636
54
138
127
10
85
899
112
3680
288
173
52
82
52
93
685
3305
117
190
1549
762
19
327
92
308
34
52
280
12
50
102
193
48
41
421
85
255
85
75
245
428
145
79
321
229
22
260
525
68
40
65
148
183
235
22
43
617
19
709
555
488
144
154
33
88
438
20
955
120
1008
40
138
407
669
375
426
6
108
442
93
114
12
7
27
110
79
705
480
264
340
74
702
10
286
79
29
111
12
345
68
6
352
575
12
23
78
16
39
936
593
11
84
6
9
773
85
257
107
51
50
89
1022
12
784
331
300
20
8
86
255
406
252
92
366
236
206
83
163
223
6
39
778
194
9
537
148
119
284
25
187
162
42
123
322
308
75
61
309
20
69
197
259
975
104
157
198
242
214
148
14
40
72
168
10
6
462
259
6
840
161
102
257
48
11
14
297
23
78
500
193
117
155
16
8
37
6
153
45
449
109
200
106
608
210
6
72
106
12
283
226
95
197
107
96
241
295
949
129
213
38
883
45
193
154
143
13
266
95
661
64
136
5517
25
195
265
6
197
498
311
22
18
148
102
10
305
638
139
253
11
285
191
249
2522
235
87
364
25
43
139
110
175
1331
233
725
56
167
778
421
24
171
293
109
544
82
422
50
490
494
739
181
897
19
667
35
1166
39
247
189
290
515
42
704
656
8
11
196
219
100
169
754
4372
302
368
454
1197
619
164
30
458
22
66
79
24
39
312
68
49
304
786
46
256
315
17
8
613
57
170
208
4470
161
14
261
51
31
308
54
13
117
3
109
45
148
128
178
53
9
40
37
3
87
13
399
37
341
42
73
309
20
51
362
135
558
49
37
45
47
153
108
39
329
96
69
36
49
8
52
50
485
97
51
86
48
164
283
345
9
35
183
141
17
175
103
33
319
87
49
497
880
101
186
54
154
313
53
7
25
35
424
3
29
52
86
3
12
568
46
148
22
161
163
303
736
272
34
40
9
55
61
571
64
75
12
367
147
326
195
19
159
176
389
146
387
394
69
183
49
237
8
705
129
19
12
20
21
661
18
798
22
31
125
372
1173
255
327
406
121
494
133
288
7
38
13
225
4
16
732
58
9
4
11
21
32
89
185
11
205
438
8
170
423
49
51
241
12
353
25
104
146
36
13
120
41
546
95
96
1120
66
16
88
78
986
275
523
174
54
396
76
447
4
338
450
46
199
17
117
178
115
37
2
9
915
40
2
62
9
10
2
147
10
2
146
76
535
4
33
54
15
41
2
110
444
125
66
22
574
110
40
957
1047
3
28
504
2
220
1094
14
355
46
2
164
64
239
147
127
107
22
17
173
108
17
153
16
49
2
12
2
219
245
40
1020
271
60
25
120
1034
2
16
27
4
3
7
16
2
99
217
2
18
696
193
45
2
215
216
53
145
141
133
95
24
2
112
13
313
334
31
245
305
10
8
90
135
609
44
4
3
84
1012
346
18
287
69
3
14
4
103
293
28
16
152
299
214
23
576
70
7
64
186
115
2
83
15
1183
47
8
2
238
10
182
2
75
16
7
564
73
172
262
296
53
83
104
67
9
198
134
6
24
782
2
2
4
25
219
173
77
2
2
17
762
67
224
66
358
2
2
7
40
23
55
9
24
23
265
984
117
5
4
3
82
38
301
238
220
65
8
152
452
231
118
2
17
195
2
372
6
437
31
2
13
17
47
39
87
146
2
12
131
8
153
16
256
155
13
8
277
66
39
5
59
5
18
89
16
50
27
154
47
30
45
49
51
84
5
5
67
30
17
155
1130
1382
52
10
51
80
20
9
47
72
534
182
13
241
179
40
91
120
10
651
541
274
5
104
17
50
7
5
115
126
8
33
65
81
28
133
19
565
174
133
10
100
26
315
84
18
34
49
83
42
15
412
173
156
81
8
7
25
113
14
51
16
9
45
11
71
12
125
23
38
27
29
448
16
5
10
26
1011
35
423
13
34
90
38
95
293
10
15
414
60
140
456
120
46
675
15
60
10
170
38
47
132
133
58
348
21
14
111
76
20
6
86
13
347
202
387
50
49
162
65
13
74
3
225
233
233
1026
184
1158
5
23
97
80
20
259
550
56
85
12
582
392
587
10
88
33
215
212
7
7
39
21
324
83
5
1037
618
99
163
5
228
5
204
10
856
179
81
358
76
7
58
33
93
5
26
118
11
7
46
129
245
17
139
51
11
18
6
17
98
608
76
23
108
28
427
64
7
192
36
178
34
81
95
177
9
439
69
938
167
84
5
97
18
52
33
107
82
263
203
103
79
22
13
13
40
81
77
152
67
18
507
68
101
89
309
2
16
207
22
28
14
2
13
77
40
178
74
17
26
533
56
4
2
4
3
64
4
2
2
40
7
12
4
81
4
146
8
2
2
13
7
96
2
45
41
3
276
2
108
12
15
2
12
13
2
179
3
32
20
4
14
62
43
89
85
248
35
33
17
77
48
4
175
4
2
3
3
10
127
183
42
58
110
404
414
21
60
20
2
89
117
13
26
25
6
5
3
27
11
42
274
25
84
18
6
70
4
7
40
119
112
173
3
4
23
106
158
2
815
133
3
42
375
10
8
2
11
12
238
4
6
434
50
34
4
32
10
3
16
18
525
123
299
20
72
538
4
11
6
147
176
14
2
39
11
63
8
115
95
14
699
2
159
37
11
66
4
2
6
23
9
13
39
4
624
20
204
2
12
86
2
31
215
12
133
4
3
17
106
736
23
68
6
6
230
2
8
8
26
23
3
53
19
11
5
279
2
9
8
41
24
4
178
2
56
45
345
32
30
28
17
4
10
2
93
273
5
3
183
6
4
4
5
6
317
7
63
4
3
208
294
166
12
7
11
40
2
98
34
18
3
45
77
10
2
19
2
71
3
82
8
30
3
27
258
126
2
92
2
229
4
12
2
40
145
14
6
59
2
27
7
293
19
6
8
7
6
65
2
3
343
4
2
45
357
54
23
10
3
6
3
10
37
12
2
5
148
82
12
2
289
6
4
276
19
37
9
82
259
16
2
5
101
2
11
28
83
7
559
22
196
6
368
2
147
96
7
110
12
45
4
52
120
2
333
2
28
2
35
61
8
64
83
216
210
98
24
503
4
3
57
696
13
84
112
84
29
6
424
7
54
2
99
21
70
293
51
33
57
35
133
8
11
26
4
35
4
56
89
21
6
4
50
3
141
4
9
26
22
324
3
2
3
8
265
80
18
22
5
78
140
4
4
250
159
10
8
4
356
53
176
83
57
127
101
41
8
2
42
2
110
152
23
252
252
23
4
14
569
20
25
15
16
1296
31
31
73
3
398
2
4
3
86
23
12
2
6
55
153
228
6
45
4
533
76
210
2
10
2
33
79
17
52
1197
12
27
5
32
42
471
522
231
10
60
88
6
137
50
6
84
31
194
15
19
102
4
57
2
78
2
37
4
163
231
166
486
14
24
106
2
2
49
9
147
4
4
48
11
482
7
53
3
2
4
34
12
29
208
24
2
11
7
445
76
2
109
236
388
3
19
12
47
266
2
4
66
2
3
2
4
2
10
29
2
2
13
2
209
4
29
91
196
6
4
26
5
43
19
48
54
34
3
21
2
297
462
30
42
63
780
14
113
44
29
16
142
23
25
212
83
5
14
71
35
109
111
348
41
144
176
20
288
106
23
661
12
12
26
42
26
951
5
7
32
171
122
191
78
476
12
38
234
41
5
26
287
67
59
56
20
130
23
453
86
49
85
90
210
5
58
176
32
35
706
5
169
52
98
19
14
83
14
5
19
71
57
19
640
233
54
195
7
376
62
5
377
381
91
248
19
12
511
86
53
17
824
46
181
299
238
113
84
84
8
27
276
151
191
10
3
3
15
64
10
94
28
84
14
130
55
132
6
375
149
81
62
6
42
1594
60
32
193
42
290
3
184
28
96
51
106
32
656
94
18
72
12
92
60
38
13
21
23
24
9
3
119
107
78
13
5
59
11
153
62
11
21
128
3
41
13
22
46
64
301
53
8
133
79
36
30
67
10
61
4
367
20
368
41
216
8
4
138
15
15
8
8
28
25
24
127
10
4
5
285
132
18
8
258
150
70
8
70
2
6
53
1
170
10
30
883
353
86
1
19
26
76
79
38
72
8
84
133
127
2
101
206
124
8
237
18
174
4
3
34
2
13
39
8
1
8
199
170
1
1
100
9
4
45
1
132
4
1
12
962
1
5
2
13
1
72
7
38
107
164
144
1
1
40
2
5
506
1
66
7
124
15
110
61
1
1
517
1
1
93
102
41
63
19
3
66
63
1
1
63
269
2294
14
245
16
2
52
16
177
2
88
1
40
57
4
61
36
3
4
4
10
1
32
1
105
58
1
1
42
1
1
29
19
2
72
21
14
94
19
18
1
6
23
44
4
3
6
187
129
2
12
108
177
61
1
1
58
1
1
29
41
33
60
57
3
90
2
1
4
5
3
32
9
20
25
1
25
162
83
1
13
144
92
70
22
53
85
26
64
8
7
135
58
53
1
175
217
46
100
8
182
1
42
17
47
51
104
144
12
80
48
16
27
136
82
18
29
41
2
24
111
28
460
1
525
5
17
1
2
1
1
46
58
59
1
249
18
398
138
1
9
2
134
1
1
146
1
93
40
511
108
55
65
130
8
24
1
53
92
1
99
76
1
221
26
70
128
1
42
24
1
1
751
58
2
35
42
2
87
22
14
54
4
12
137
3
1
26
16
22
146
2
5
2
86
35
14
52
1
17
4
2
663
199
39
2
1
60
56
186
1
130
1
2
46
107
141
7
67
59
200
409
68
129
48
16
92
3
13
3
2
111
15
16
787
266
7
1
118
23
4
32
3
6
19
1
40
52
9
3
35
45
24
130
78
245
15
11
14
7
41
153
78
205
4
18
40
84
1
8
168
99
44
2
113
14
8
9
99
101
142
545
16
1
132
26
10
81
31
9
15
133
45
4
2
19
130
151
71
59
25
6
22
9
17
52
93
6
6
162
50
221
104
6
742
21
776
11
99
10
116
128
14
35
143
12
57
285
206
382
27
71
14
22
120
28
19
134
43
69
69
45
95
6
282
51
41
33
18
528
8
40
10
279
16
6
219
32
44
66
23
213
3
4
261
43
555
18
94
29
126
3
168
47
48
26
3
324
46
44
43
22
3
362
107
14
155
2
38
83
9
29
37
27
113
222
21
9
50
16
4
10
25
59
2
131
165
14
354
14
119
116
117
6
23
2
13
58
2
5
21
11
48
162
24
88
73
4
159
2
2
2
5
12
15
93
107
63
39
105
17
70
22
120
321
31
54
9
8
36
83
2
67
78
287
2
2
182
6
14
45
40
12
69
15
16
2
3
887
99
61
85
19
142
30
117
2
6
3
17
470
45
33
108
2
56
12
77
166
188
34
71
108
3
125
23
399
3
404
113
21
14
10
110
83
80
85
74
31
303
613
116
109
10
20
20
175
256
70
11
47
56
49
43
51
136
27
48
132
812
19
10
23
174
18
47
21
20
35
212
150
99
8
152
38
10
326
50
31
102
10
85
17
66
62
157
39
93
78
17
50
10
247
152
12
66
24
13
73
89
8
90
12
198
99
42
10
10
10
10
45
269
592
63
50
78
30
443
24
22
195
128
55
9
138
27
26
41
41
17
91
9
36
14
415
16
8
15
8
7
23
8
54
8
16
8
21
18
14
64
19
50
14
18
11
7
7
8
7
15
369
14
24
17
11
61
14
14
56
33
130
14
14
379
29
23
29
31
156
14
96
81
66
14
28
95
15
14
87
45
21
14
14
14
205
14
183
59
14
277
87
30
69
305
19
39
94
18
29
82
21
59
16
74
50
155
19
40
127
18
14
34
35
38
86
66
116
21
108
34
53
90
15
25
46
8
40
148
21
29
14
14
19
251
32
54
14
75
15
14
20
28
15
15
14
64
15
14
21
15
253
8
48
71
23
51
45
30
17
14
3
32
71
204
123
93
5
230
86
75
8
126
110
9
44
4
15
5
151
67
24
70
81
112
11
5
18
1
21
41
73
4
2
6
1
20
57
2
3
54
50
31
57
194
1
10
36
1
23
8
42
74
2
6
5
1
42
1
87
58
29
157
2
82
6
9
21
16
1
77
39
35
494
14
114
12
44
67
1
95
77
54
2
1
131
105
1
264
187
12
1
192
88
6
26
8
1
3
5
3
14
46
83
14
12
56
31
56
29
3
12
3
81
5
8
3
21
7
64
101
18
63
3
113
18
13
87
875
28
46
203
27
3
27
21
3
21
42
2969
50
56
212
106
56
13
28
31
48
35
21
483
14
237
28
57
7
7
68
29
34
19
44
66
16
404
17
76
30
6
16
112
60
92
38
134
66
24
202
46
35
50
245
6
11
164
25
179
91
14
7
91
185
56
7
7
149
33
110
83
6
38
225
32
240
632
11
20
192
5
35
55
6
16
8
66
57
38
118
66
2
103
3
60
25
329
74
54
219
47
65
106
9
85
35
124
47
207
71
10
154
117
9
21
40
38
33
4
14
13
70
40
27
14
63
240
2
9
41
41
12
60
21
41
88
216
79
9
7
4
45
10
3
12
6
23
144
11
26
99
5
92
11
6
3
52
46
393
178
68
194
8
257
56
383
11
20
9
110
71
40
13
31
37
31
16
57
46
8
30
63
130
41
31
35
8
7
21
23
65
46
216
110
93
15
2
3
3
84
105
433
25
7
289
70
104
9
438
9
331
46
3
65
31
33
52
2366
140
3
17
28
18
56
59
31
28
28
85
6
16
24
30
32
66
5
15
92
72
27
71
14
30
162
27
10
5
8
15
41
41
67
7
12
5
209
32
8
21
382
60
5
11
39
23
7
113
10
10
28
10
10
69
49
32
5
5
117
5
14
64
5
10
5
10
10
5
14
112
74
48
10
5
892
77
47
19
14
17
54
5
5
68
83
30
8
23
90
23
134
6
284
244
115
5
7
5
5
6
6
35
6
141
14
6
5
20
57
76
88
5
59
152
74
13
8
10
5
15
102
302
18
51
28
40
55
10
15
11
179
9
25
136
7
5
43
5
6
16
222
17
83
10
7
9
5
55
5
6
19
14
142
413
13
12
132
8
4
99
12
551
85
52
14
13
6
203
12
42
28
13
21
103
14
16
27
34
22
23
37
20
8
14
14
153
66
19
22
448
26
62
19
78
48
16
14
25
58
12
6
9
12
85
84
10
42
31
15
12
87
252
12
14
10
75
7
18
7
7
7
7
7
7
14
7
7
27
7
8
7
7
24
21
12
9
14
7
39
7
7
7
7
80
7
9
7
15
21
14
7
183
7
21
7
7
7
7
7
7
7
7
7
7
7
9
18
11
7
9
96
24
7
7
267
7
11
7
14
7
7
7
7
7
41
7
14
8
7
7
7
7
14
38
7
7
7
7
9
7
7
11
7
16
7
28
26
14
9
13
9
34
14
7
115
312
8
9
7
7
237
88
38
7
7
7
7
7
7
7
7
7
7
7
7
9
25
7
50
7
80
140
7
7
127
19
7
35
23
14
7
7
14
7
7
7
12
7
13
7
13
7
14
45
7
105
7
7
7
7
7
14
14
121
47
394
9
7
7
9
7
7
31
9
7
7
14
58
7
7
7
7
7
14
169
7
7
7
7
11
7
7
7
8
7
17
20
7
9
13
29
14
7
14
44
7
7
34
23
9
7
7
7
8
178
7
7
7
14
9
7
145
7
14
7
7
7
7
7
7
21
7
69
7
7
59
7
7
7
7
9
81
14
9
14
7
9
7
30
8
7
18
8
7
7
11
7
21
222
7
8
7
7
7
12
8
14
8
8
7
14
74
28
38
7
7
14
7
7
7
10
23
7
15
7
7
7
28
7
56
23
30
9
9
17
7
7
7
16
28
7
7
7
7
7
8
7
19
32
13
31
12
21
7
7
14
37
10
21
12
9
7
7
105
94
33
14
68
16
7
7
22
7
15
7
7
7
7
21
23
7
48
17
18
7
65
48
10
100
53
26
7
7
8
34
76
12
9
7
7
7
7
33
18
271
13
7
7
9
14
9
7
7
7
7
7
7
14
7
19
21
7
21
14
19
17
35
7
16
7
7
7
7
7
22
19
7
7
7
7
14
7
7
71
7
24
7
7
7
15
7
7
7
7
7
18
7
15
11
24
7
52
7
7
7
7
7
7
7
120
7
7
7
7
14
24
7
16
7
7
9
7
7
9
20
7
7
48
7
7
7
7
7
8
11
9
14
17
7
7
7
21
7
7
7
36
7
25
169
8
40
7
14
10
7
7
55
7
8
10
7
7
7
87
181
9
7
7
7
7
7
7
14
11
9
7
7
21
7
7
8
7
7
7
76
25
8
9
66
7
49
7
7
7
7
7
7
10
7
4
6
14
8
26
10
4
26
12
4
29
10
4
4
83
15
146
10
17
5
19
4
16
4
8
4
15
29
29
5
29
5
80
17
8
15
5
300
35
9
28
5
47
34
5
25
23
5
26
5
39
39
5
5
61
8
5
5
10
365
7
10
59
10
65
95
118
5
11
5
17
122
39
363
5
5
42
5
5
5
44
23
10
31
7
40
15
21
5
7
39
25
29
47
12
17
66
9
5
5
13
9
75
9
11
11
10
38
5
5
6
7
17
28
56
4
36
5
282
352
96
62
4
4
142
8
4
27
4
4
4
35
57
9
36
50
20
9
18
4
4
63
53
4
81
208
4
4
4
13
4
148
4
12
4
55
29
180
8
28
97
5
111
4
41
16
4
58
39
36
11
42
4
35
62
82
38
4
56
7
45
63
4
10
195
4
112
51
18
20
11
6
4
16
90
86
14
301
8
53
8
3
17
34
1
1
1
8
3
7
1
2
5
103
1
1
10
5
88
5
5
443
12
5
32
19
102
5
16
28
5
5
125
25
5
62
42
11
30
45
5
5
5
5
10
5
11
87
6
14
5
15
514
42
60
28
23
13
247
5
36
39
11
34
5
68
49
11
12
45
27
51
65
5
9
28
83
142
69
84
9
89
23
20
12
32
89
51
52
21
168
9
51
27
13
71
11
18
9
11
134
57
27
46
33
43
30
36
9
56
11
9
108
43
9
69
19
56
9
63
36
10
9
17
91
9
55
9
81
27
9
64
34
9
22
9
131
9
16
9
47
146
83
84
31
63
9
16
9
9
30
18
9
13
134
9
74
43
37
10
9
19
39
137
30
13
18
71
47
15
240
31
21
31
9
241
18
79
12
15
39
63
17
11
9
9
13
18
13
34
10
91
11
9
77
30
75
9
9
21
15
18
32
11
34
22
12
44
68
56
29
11
20
164
68
18
21
19
80
29
19
72
27
185
21
32
34
234
43
37
44
135
50
36
11
28
63
101
35
9
18
502
34
57
45
43
9
22
88
17
13
31
33
9
27
19
9
9
28
49
30
40
30
9
9
280
29
18
10
73
22
36
25
12
76
13
11
29
14
41
25
17
27
21
16
67
11
11
159
35
28
48
379
78
12
70
9
9
9
55
74
9
18
159
70
9
10
14
24
28
89
109
18
286
24
29
10
72
14
10
105
38
60
73
176
12
57
9
37
143
16
53
42
74
84
87
83
23
16
49
23
27
27
9
79
285
142
18
95
101
37
55
9
11
13
54
61
28
66
9
10
55
45
33
11
11
17
25
16
20
18
21
12
11
27
247
33
246
11
57
36
9
196
13
9
59
63
42
21
11
226
9
116
9
241
29
18
28
44
18
30
58
115
19
61
176
9
29
12
27
18
103
11
20
9
27
150
33
30
38
194
111
31
9
20
22
45
11
9
9
56
112
43
9
19
268
12
66
114
15
45
18
45
102
15
30
9
35
45
49
18
10
51
132
11
117
9
18
75
36
62
9
51
9
9
13
9
18
38
64
23
18
57
39
9
12
61
9
31
235
19
19
30
22
11
413
15
30
165
36
57
63
11
157
53
18
48
110
9
18
9
51
55
69
52
36
201
9
13
53
19
29
48
23
24
9
79
57
102
156
18
85
11
9
18
9
72
35
9
62
18
9
9
12
83
9
9
32
19
18
14
20
40
95
9
275
18
20
27
12
13
64
9
22
60
29
54
9
43
9
84
19
146
38
9
53
42
80
74
66
9
16
9
40
41
34
10
9
21
97
11
9
29
20
77
26
27
12
65
119
9
27
47
18
283
77
150
9
9
23
49
11
9
9
58
9
13
35
54
197
18
33
82
9
15
26
22
19
115
21
19
25
8
8
14
36
10
48
24
66
12
29
8
9
8
123
160
41
92
12
225
16
21
8
83
55
10
138
36
70
28
195
11
26
13
20
44
10
11
8
8
8
41
42
54
29
11
9
11
116
33
8
100
8
8
8
8
8
62
64
8
8
23
52
36
16
9
23
45
56
10
61
40
20
8
16
28
70
71
25
27
28
16
12
37
15
42
65
13
8
142
9
3
8
14
6
3
10
6
55
9
16
1
3
8
1
123
62
6
3
30
3
9
24
57
3
141
65
6
24
34
8
27
3
13
31
47
18
3
29
73
47
3
1
9
10
3
15
42
3
3
56
3
11
9
28
11
13
9
5
17
3
3
3
7
48
52
6
130
15
9
34
84
6
14
4
15
6
76
3
25
11
37
30
11
3
51
15
22
72
60
264
6
175
15
18
13
5
81
28
27
16
40
149
23
18
46
106
44
73
86
20
185
53
654
52
58
385
103
98
20
12
36
65
54
149
344
142
28
71
16
16
15
3
12
8
12
12
3
38
44
2
3
1
8
2
20
10
42
86
15
92
27
21
34
5
7
11
11
2
5
46
59
19
30
28
27
5
6
36
19
39
3
8
64
67
2
34
50
49
23
5
16
7
7
14
151
17
16
21
2
8
81
8
17
17
2
26
49
2
8
71
175
8
8
60
14
41
11
3
9
3
65
32
10
40
59
3
41
131
11
2
43
6
55
2
2
3
4
24
37
10
2
2
13
73
12
8
2
2
20
15
4
3
2
10
2
2
4
8
2
2
2
2
6
4
6
4
9
3
6
14
2
15
14
147
4
4
2
8
20
2
5
2
2
6
2
4
2
2
9
5
2
24
2
37
304
140
12
4
18
70
32
98
2
31
4
4
4
12
10
8
2
2
20
2
40
2
37
2
2
2
3
8
2
2
2
29
2
4
5
4
8
2
37
31
2
4
88
16
2
7
62
45
13
2
6
10
4
2
5
5
20
4
2
30
2
9
30
4
4
9
5
7
35
2
12
95
3
10
8
20
24
2
6
4
2
25
4
33
66
32
4
4
18
14
2
2
4
2
2
2
41
126
5
2
40
5
2
4
4
2
39
5
6
104
6
10
2
5
77
19
36
2
12
2
2
10
6
2
4
10
5
5
2
18
9
146
63
6
6
3
4
13
4
23
4
6
18
77
8
28
6
34
2
2
16
6
4
2
2
2
30
7
264
2
2
6
2
4
16
6
2
2
9
7
2
10
2
23
2
24
22
2
5
4
34
14
2
37
8
16
7
4
6
8
89
4
4
4
4
3
4
20
28
8
12
53
2
3
25
16
4
140
2
8
54
9
6
2
15
4
57
3
45
2
2
2
30
3
35
2
15
15
2
2
6
3
10
18
6
26
32
12
22
6
4
26
2
18
9
23
15
2
17
95
11
2
4
14
2
9
2
27
79
8
6
4
2
2
2
8
4
2
2
2
23
2
2
3
2
8
40
16
39
2
2
31
3
2
4
24
14
4
14
22
11
36
2
2
12
16
34
4
2
6
230
2
23
2
2
2
83
2
9
30
12
4
22
43
4
6
2
11
6
3
127
3
15
2
31
35
26
10
2
4
8
12
28
2
2
4
8
2
11
2
12
2
50
50
9
2
11
6
2
61
4
8
2
2
17
12
39
2
2
2
4
14
20
2
2
7
10
4
18
6
20
12
34
4
10
20
38
4
3
2
4
2
2
8
2
6
4
41
39
2
2
13
2
6
6
15
111
98
47
4
11
18
18
2
2
33
4
32
45
2
4
4
22
31
6
2
23
26
46
63
153
20
124
10
52
11
4
6
34
2
2
4
9
2
8
2
8
6
42
2
4
2
13
7
10
12
2
147
6
2
2
6
69
7
4
3
32
15
4
49
16
25
31
8
8
24
10
9
10
43
62
8
10
11
15
8
8
88
18
8
31
18
14
12
34
8
13
21
19
44
163
40
28
8
14
8
27
16
25
9
420
20
8
8
19
115
8
48
21
28
8
8
16
8
16
18
21
70
99
8
18
16
36
16
16
9
52
54
16
31
44
10
8
8
11
23
8
67
21
219
9
10
35
18
30
78
16
13
8
8
13
167
15
8
12
8
67
15
15
16
66
23
11
8
26
559
137
43
10
48
42
64
77
142
110
9
38
8
11
22
932
59
9
39
20
11
199
39
16
8
16
14
92
109
75
12
16
8
21
8
8
62
8
31
10
24
52
17
9
10
8
28
33
8
19
8
77
264
8
8
56
8
8
90
41
19
114
42
10
9
27
58
8
24
29
96
28
87
16
24
21
52
412
8
18
16
17
54
12
25
53
16
102
27
200
28
51
35
200
11
123
9
22
40
8
23
115
8
43
52
68
88
77
65
13
31
88
3
45
27
10
33
24
32
20
61
7
6
53
17
98
20
108
25
49
114
11
20
97
4
2
2
51
2
2
21
4
2
7
17
10
25
2
10
2
9
35
8
29
22
32
13
57
45
7
5
66
2
2
194
9
3
17
4
4
77
56
66
4
12
7
8
37
36
55
10
62
111
2
48
9
9
11
9
35
9
75
46
9
10
21
34
9
43
21
10
208
17
177
9
10
19
9
46
49
10
65
7
18
137
9
9
18
18
20
7
19
33
15
9
9
48
221
12
25
9
9
42
25
2
4
98
30
2
4
11
21
4
13
65
9
23
12
8
9
8
41
205
22
8
16
8
60
16
88
107
8
39
39
13
8
8
8
10
15
16
25
8
10
8
27
303
86
8
8
37
16
20
8
12
9
17
20
30
10
31
8
8
48
92
19
57
9
25
8
38
8
24
8
8
38
16
11
12
8
8
16
21
117
86
16
38
24
8
10
15
26
8
42
8
41
296
20
12
86
28
2
6
7
5
11
13
3
71
184
7
71
5
17
20
28
30
253
87
3
19
65
101
100
74
73
65
93
8
13
9
13
88
3
18
22
4
10
9
49
19
13
27
24
9
10
6
88
28
22
4
74
58
450
6
35
3
39
9
181
3
26
114
56
141
3
36
23
24
37
3
3
51
4
16
89
3
30
8
29
8
3
47
3
18
3
3
11
3
24
5
3
26
9
44
4
3
7
10
383
24
3
375
3
3
31
45
14
11
33
9
24
4
187
12
8
6
129
6
4
110
5
8
5
8
70
4
8
4
15
8
75
139
22
51
4
28
8
21
5
297
48
8
4
4
4
4
70
90
8
4
15
181
99
48
9
4
10
32
8
8
12
89
8
26
5
13
8
8
14
5
5
44
14
2
103
17
15
73
2
6
10
38
4
4
2
121
2
18
99
56
39
11
7
8
45
26
58
77
84
15
10
7
7
146
10
50
10
25
28
32
232
16
7
75
20
47
30
17
2
3
1
21
28
3
7
1
16
1
16
1
6
19
17
3
5
2
7
1
5
3
6
2
83
72
5
4
1
40
2
50
1
101
43
3
4
4
1
2
18
1
2
5
18
4
1
46
1
6
7
2
2
2
27
8
4
3
50
36
24
61
1
23
4
2
67
1
1
11
1
1
19
37
65
1
15
2
1
4
6
4
26
45
32
45
61
40
19
4
4
33
12
37
5
13
30
17
13
35
3
2
29
42
8
4
61
3
26
24
4
9
14
14
3
25
35
9
6
14
8
20
12
13
336
4
2
173
21
70
69
4
169
8
2
144
2
37
25
16
36
5
3
16
27
18
7
7
3
12
75
11
63
18
16
195
5
15
47
18
39
21
19
73
48
2
76
12
13
4
18
30
33
32
6
5
2
28
18
106
4
37
4
4
50
21
24
4
75
18
29
25
6
75
6
2
3
3
12
7
17
24
15
2
24
6
7
3
2
70
3
3
17
2
6
18
89
120
4
12
68
15
15
6
13
6
4
28
4
51
60
12
2
14
3
5
9
3
14
16
4
15
120
15
12
73
25
28
8
2
40
4
19
34
114
20
6
4
5
22
5
139
25
5
3
4
7
26
84
56
14
4
6
20
2
39
26
4
2
2
33
80
4
12
4
8
8
2
6
6
10
31
19
4
3
3
6
12
3
28
2
2
11
8
40
16
4
3
22
23
9
4
4
6
187
4
55
10
3
7
15
4
6
42
8
4
7
4
29
54
184
12
2
15
62
17
2
36
38
12
66
14
32
9
12
19
3
18
11
151
58
5
46
30
79
9
32
48
20
9
158
17
104
9
42
9
100
19
22
17
15
21
28
23
100
19
14
4
32
4
21
4
4
45
9
23
2
2
6
3
3
4
27
8
6
47
30
5
6
2
163
8
3
6
2
122
14
33
9
7
7
14
7
249
36
7
7
7
10
17
10
29
56
7
11
8
7
55
101
15
13
7
7
26
4
1
4
39
1
31
4
99
3
5
1
32
1
4
10
2
26
57
91
34
17
5
6
3
7
17
180
185
47
36
9
9
17
39
63
12
45
8
3
3
30
5
4
9
19
11
3
11
4
11
45
38
6
5
9
134
16
3
5
5
29
3
92
8
7
75
19
18
39
15
18
36
3
7
49
33
3
23
4
4
40
4
116
13
4
11
24
7
7
15
92
157
7
3
34
4
79
24
3
23
39
41
171
61
131
4
13
11
12
34
14
13
21
4
6
12
7
30
6
18
76
14
10
37
102
3
111
3
6
6
29
16
102
24
3
5
141
4
59
3
4
8
9
16
4
91
7
19
7
3
208
111
30
7
20
32
3
4
27
4
6
95
32
6
6
16
20
4
9
4
17
26
3
14
3
48
3
3
13
23
32
24
24
28
35
102
28
125
11
19
36
6
35
6
26
11
5
17
18
26
3
6
56
3
3
45
92
17
26
22
10
117
5
74
19
29
93
90
9
5
14
22
4
135
12
3
41
8
3
52
3
5
78
3
18
3
3
3
8
3
52
50
16
3
9
8
17
68
28
65
5
3
3
8
17
3
20
2
6
4
2
4
4
5
3
5
8
4
2
3
30
2
2
3
2
24
2
5
10
4
2
31
30
9
3
6
14
20
2
3
18
5
38
10
9
16
8
5
5
5
40
29
23
14
5
75
4
5
30
419
9
5
77
10
5
2
2
19
24
46
8
52
5
66
45
4
26
43
15
5
33
5
5
10
67
12
4
11
8
10
126
5
9
10
60
4
2
17
18
7
24
7
4
12
7
6
20
2
5
45
3
140
120
4
11
21
23
12
2
16
5
8
3
2
20
41
2
43
4
7
4
7
28
3
11
2
8
2
4
3
16
2
5
2
15
2
2
3
2
3
4
25
59
5
2
13
12
4
25
5
42
8
10
22
3
20
2
7
10
2
21
4
13
21
4
20
2
2
20
21
11
26
71
19
13
16
3
5
78
26
8
10
31
14
49
3
2
12
218
2
10
2
8
39
9
4
3
4
2
3
2
2
9
2
77
2
7
22
3
3
105
40
96
39
4
22
3
2
15
11
9
7
11
18
2
2
4
2
13
2
127
3
49
4
5
7
2
9
3
4
3
12
2
2
2
43
2
19
16
7
57
38
3
5
4
43
5
15
61
110
47
13
2
5
28
2
2
13
16
46
9
3
5
6
48
23
30
4
16
29
4
2
6
49
59
29
3
3
2
19
11
43
3
100
7
12
33
9
3
2
6
52
2
83
4
13
2
5
62
2
6
7
17
3
5
2
4
2
10
9
4
11
4
4
84
98
2
53
17
10
2
2
20
42
5
18
4
4
5
2
21
13
28
4
4
11
2
4
20
2
5
2
23
9
2
14
2
5
15
31
129
4
17
2
5
2
2
14
32
4
17
4
8
18
29
27
8
11
192
4
44
58
82
4
10
65
162
25
4
2
2
12
4
2
2
15
20
136
3
13
10
5
84
2
8
11
7
4
3
4
28
17
34
2
2
2
13
3
2
3
2
64
3
14
9
19
9
2
2
39
6
2
2
4
8
24
4
42
2
2
46
11
4
56
5
8
25
14
4
2
37
10
4
16
3
3
5
29
4
54
19
5
5
3
36
4
57
2
18
23
2
22
55
2
2
2
3
85
3
2
69
4
27
4
10
3
2
24
2
5
12
4
4
13
15
160
6
13
10
6
5
8
86
3
6
3
108
15
50
4
2
14
6
18
26
8
6
2
43
18
9
6
23
2
4
2
6
6
2
2
3
2
54
5
2
2
4
2
3
18
41
24
31
6
15
21
11
29
9
25
5
10
5
12
10
10
19
9
9
17
41
9
60
6
11
10
5
13
24
18
41
20
33
8
10
7
7
18
3
187
6
11
27
19
4
3
18
11
51
2
5
30
2
2
2
4
4
4
4
7
9
2
2
2
12
39
15
16
2
2
16
16
8
4
6
16
4
17
14
100
6
30
4
5
39
14
13
23
54
25
56
65
7
4
4
9
87
18
12
53
25
79
42
4
4
4
19
5
14
18
225
4
4
4
34
6
4
60
10
4
8
30
18
13
4
4
43
4
4
5
8
56
4
4
9
49
4
8
8
4
14
24
30
36
44
4
32
55
4
19
23
33
19
43
9
82
9
13
104
8
1
4
8
5
43
13
24
3
7
5
103
79
4
2
35
11
43
4
8
7
23
2
20
40
8
65
4
3
33
2
65
21
45
6
37
35
22
4
2
2
4
24
8
22
51
31
10
8
2
10
4
2
2
52
121
17
3
3
14
56
117
46
3
8
5
30
3
22
45
27
4
2
14
40
5
4
15
19
38
11
7
25
9
7
25
12
4
2
4
5
6
4
16
5
10
2
16
43
9
19
57
88
6
28
2
6
25
19
7
29
3
3
3
76
3
4
9
2
9
20
22
2
5
6
28
2
32
22
3
3
8
4
10
6
69
4
11
25
8
9
16
14
6
67
9
4
19
5
6
9
22
8
37
6
2
41
17
46
2
5
5
14
6
9
5
2
4
18
16
4
6
27
9
3
2
13
8
4
7
36
20
2
63
8
21
18
10
6
6
9
20
107
70
25
2
8
9
10
7
7
50
13
57
6
4
3
5
4
5
5
13
11
24
8
3
20
8
11
2
5
15
29
22
34
6
14
26
134
50
2
4
8
8
8
3
131
16
47
3
6
88
23
297
2
2
6
48
2
22
31
28
13
4
10
2
28
27
2
11
10
22
15
7
2
5
15
22
26
2
2
7
7
8
13
5
7
8
8
2
10
99
40
2
16
9
2
53
2
77
77
7
4
4
2
35
10
21
31
1
2
3
2
14
1
3
2
2
4
9
6
4
11
5
28
1
1
14
2
9
9
24
8
11
4
21
3
155
4
4
7
6
1
64
10
3
1
25
33
3
1
13
3
3
17
10
12
4
92
1
70
11
2
1
6
4
16
3
28
11
6
5
50
63
35
1
4
12
1
1
4
6
1
17
1
17
13
1
5
42
33
16
9
9
7
1
4
15
1
8
18
89
6
4
50
8
41
1
4
6
12
1
4
1
1
14
22
2
8
1
1
1
11
50
8
1
1
1
3
51
4
1
36
5
3
1
14
1
5
14
5
72
5
26
65
14
2
12
4
4
1
8
8
1
16
76
4
10
15
9
14
1
1
8
8
4
14
17
3
3
2
10
56
4
3
8
6
7
27
13
4
18
2
2
8
5
12
7
4
12
30
11
2
4
2
6
187
8
3
21
4
4
10
92
4
2
19
6
11
12
13
8
28
35
11
2
2
9
8
4
2
15
6
2
9
20
23
4
6
2
2
2
2
9
2
5
6
32
12
7
29
47
8
9
83
38
4
4
5
51
4
4
6
18
29
7
4
2
2
8
27
12
2
18
23
2
3
8
4
4
10
2
5
5
20
4
29
2
7
6
6
11
5
2
11
5
98
2
15
2
2
4
43
2
28
31
2
2
2
97
9
219
51
25
17
4
23
153
2
19
4
8
2
13
4
2
2
11
138
4
2
5
6
2
17
3
17
10
14
14
9
8
8
5
4
10
13
6
19
32
149
30
15
9
87
21
4
13
8
5
46
8
36
5
35
4
27
29
2
12
2
2
5
24
8
7
8
6
13
5
4
24
2
18
4
2
18
2
8
26
9
6
5
6
4
53
9
19
3
27
26
25
105
361
18
37
10
104
8
7
5
6
2
2
4
4
2
8
4
4
12
10
16
2
4
6
6
16
24
2
13
12
44
9
2
2
9
44
10
24
11
3
8
8
2
3
2
50
3
25
2
20
37
9
40
4
2
2
12
54
22
3
9
14
4
5
9
2
3
10
4
23
14
12
9
6
46
13
10
2
2
2
9
11
6
26
4
14
2
15
6
2
2
12
6
5
13
2
9
15
9
2
5
4
10
4
6
17
5
2
43
4
25
10
19
11
21
10
6
5
12
5
7
15
11
21
2
27
22
2
10
9
2
12
2
8
2
31
12
2
9
2
4
2
9
5
10
60
2
2
53
10
5
14
26
4
12
30
2
13
2
22
2
10
4
43
12
2
8
7
10
68
24
7
20
25
13
4
4
6
2
6
3
7
6
39
14
2
2
2
20
16
2
9
8
8
11
28
26
4
28
48
39
4
4
2
41
5
48
47
2
2
15
6
3
7
4
14
4
10
2
2
4
7
2
2
8
44
9
5
5
20
3
73
9
10
16
6
53
5
3
6
61
11
12
3
4
5
3
2
3
12
5
4
371
4
21
17
9
6
6
2
47
22
35
18
5
33
16
4
9
2
6
2
50
24
12
2
39
2
22
36
4
6
46
111
3
18
33
6
4
4
2
3
17
2
21
52
9
18
10
2
3
11
29
4
4
11
22
4
9
3
4
5
3
3
49
4
4
13
44
9
12
6
6
49
35
52
15
3
11
8
2
10
11
5
16
17
4
5
15
6
10
2
2
32
4
6
8
2
8
2
7
6
25
2
11
5
4
6
16
11
4
5
5
9
19
18
2
19
22
30
13
6
52
7
71
4
4
5
3
54
2
44
2
23
17
6
9
21
8
14
5
2
2
9
4
16
3
36
53
88
34
69
31
8
28
2
23
2
9
23
2
2
8
39
33
29
4
7
6
33
26
3
3
60
12
2
2
6
12
4
4
16
4
2
20
2
93
20
152
8
10
60
9
14
138
9
4
12
67
11
25
2
6
12
6
16
5
2
2
4
2
2
4
15
29
7
22
6
27
18
8
4
19
7
18
8
32
4
31
10
6
2
4
19
6
36
16
18
11
8
21
7
2
22
2
45
4
12
18
10
9
5
2
12
3
4
39
9
38
8
7
6
3
2
22
2
9
4
2
14
6
2
6
11
21
2
4
4
5
6
14
98
1
24
20
1
14
14
1
12
1
24
3
2
11
1
34
3
9
17
7
8
3
5
1
8
1
1
2
8
1
45
15
3
30
12
1
2
5
6
3
4
103
3
3
12
3
15
4
13
15
9
18
53
3
3
9
36
6
57
12
2
2
4
2
18
4
6
8
8
8
16
4
4
6
2
4
36
30
9
16
2
4
6
4
2
2
2
15
2
11
8
37
8
30
5
69
8
8
56
11
40
24
8
17
44
29
5
104
8
51
10
5
29
26
8
11
21
11
40
29
5
15
17
104
5
12
9
11
19
3
3
3
3
14
3
8
3
10
3
3
3
3
7
3
23
6
3
6
6
33
3
49
3
3
4
20
12
4
3
3
7
3
3
44
224
3
3
3
3
11
3
10
3
8
31
3
19
3
4
3
9
3
16
40
3
19
52
3
8
4
3
3
3
6
5
6
3
34
3
3
6
3
3
10
6
6
6
94
9
3
6
8
3
7
39
18
38
6
12
4
3
7
35
5
26
14
5
34
50
10
45
175
26
5
15
28
29
15
13
5
8
16
29
13
22
11
16
38
57
8
1
2
36
1
2
5
25
1
30
10
17
2
3
1
115
11
17
1
1
1
1
66
1
1
1
1
1
1
2
2
1
13
4
1
4
4
4
56
4
9
4
4
4
30
7
75
16
7
5
40
8
5
2
2
4
12
2
25
5
9
5
2
2
2
14
30
14
8
20
8
59
2
2
2
30
13
9
48
3
11
11
19
4
209
59
10
9
10
2
5
2
30
68
3
4
23
2
9
2
18
4
2
6
2
8
27
21
4
7
23
29
8
17
7
33
10
7
34
18
7
32
7
7
11
14
18
58
53
4
20
9
11
4
7
49
11
14
8
40
47
4
14
4
66
18
8
4
11
7
11
21
21
1
9
1
3
1
1
3
2
1
3
1
1
1
1
1
14
20
1
5
1
9
8
1
2
1
1
7
1
8
1
2
5
1
20
1
11
5
20
8
18
55
22
24
30
31
5
6
10
43
21
5
15
5
5
5
41
21
5
5
18
61
26
25
61
10
20
5
5
27
5
40
16
35
12
5
5
32
10
37
34
36
38
18
5
35
5
10
5
10
21
41
10
38
10
5
34
5
10
24
5
5
21
8
10
15
12
10
5
5
19
23
6
6
10
15
90
6
12
11
5
35
10
11
6
5
69
11
20
6
5
10
66
15
5
5
7
5
5
5
21
6
48
28
10
5
31
95
20
10
7
35
5
5
6
6
9
20
107
5
5
10
5
23
11
35
5
19
44
5
5
6
46
34
14
5
6
5
6
10
5
10
5
14
6
16
14
71
27
72
8
10
10
12
5
10
16
14
56
5
10
6
5
12
12
10
5
5
5
5
10
10
103
10
56
5
17
86
11
17
51
16
36
81
25
28
28
7
5
23
6
23
25
17
10
25
10
33
12
6
5
11
2
51
3
4
6
11
3
6
8
2
18
5
3
3
9
15
2
14
20
21
9
10
10
2
13
9
2
6
2
9
2
3
9
3
12
44
2
56
3
19
2
18
9
3
64
3
35
3
3
20
34
11
14
3
3
3
40
33
6
4
13
3
3
10
41
3
56
6
3
35
13
6
24
6
3
6
17
4
9
14
8
9
30
15
7
3
3
6
93
40
14
206
3
23
7
19
33
21
22
146
44
21
7
15
6
97
3
3
10
15
37
30
23
11
3
3
2
2
2
2
4
3
2
2
2
3
2
8
2
13
2
1
5
5
5
1
1
1
2
7
2
1
1
1
9
1
11
4
3
1
1
8
4
1
5
4
1
16
5
33
1
4
11
33
11
27
22
12
12
15
11
11
11
11
11
33
11
25
14
58
47
11
597
11
11
22
27
11
12
154
11
11
84
22
37
11
42
148
11
44
11
11
11
7
7
71
21
14
13
111
120
14
24
44
35
87
7
18
11
7
12
3
3
3
17
18
5
3
23
8
30
17
30
6
3
15
6
13
5
36
9
20
20
10
16
4
23
54
3
30
3
13
25
23
9
22
35
25
5
11
6
19
11
10
12
2
9
4
2
22
7
2
4
2
2
24
29
2
2
8
4
4
16
2
17
12
5
5
82
10
5
14
15
5
10
22
18
5
21
179
48
15
15
26
24
10
21
5
7
5
5
17
5
5
21
20
13
5
5
7
7
14
5
37
46
5
16
20
16
5
9
5
10
182
15
290
7
5
5
5
13
35
13
5
5
282
10
12
3
6
25
6
13
6
9
6
11
15
38
6
23
18
6
6
8
8
14
11
6
8
6
38
9
9
7
15
21
21
91
7
13
7
14
30
13
9
7
8
20
21
19
7
12
7
7
7
10
13
58
17
14
5
7
7
56
7
9
9
12
15
7
12
7
7
56
12
7
7
42
9
7
12
7
7
13
7
10
7
7
22
16
27
2
1
1
69
4
1
17
1
2
5
18
2
54
3
1
31
5
1
1
1
2
4
2
16
3
4
3
21
11
1
1
27
22
14
3
4
5
2
2
25
3
6
2
2
37
1
17
1
14
17
21
1
1
3
17
15
10
15
8
14
10
10
72
17
24
8
5
8
16
6
27
4
14
4
6
8
22
4
17
11
17
38
31
17
32
16
50
4
9
4
12
38
4
12
14
8
4
13
8
4
12
4
10
46
8
4
12
8
41
12
35
5
4
8
15
5
8
16
17
8
4
8
4
12
7
8
38
16
4
8
4
4
4
4
10
8
17
25
28
31
5
12
57
23
11
4
35
70
12
4
79
25
11
4
4
10
46
4
4
4
9
14
4
8
4
19
31
4
16
62
8
129
31
5
4
8
2
3
2
2
3
32
4
14
6
2
3
7
18
2
2
2
4
19
18
5
11
2
5
4
11
10
19
38
8
13
54
6
2
3
3
22
2
2
19
40
2
6
25
10
2
2
6
2
6
2
2
3
2
2
36
5
2
2
17
4
10
2
23
2
6
7
4
4
2
4
2
2
2
2
45
6
2
98
2
16
6
2
20
3
2
11
26
6
3
14
5
8
4
2
7
6
12
11
6
6
6
7
6
16
12
24
6
6
6
6
6
34
6
6
6
10
6
6
6
6
39
36
24
14
6
21
6
6
25
12
12
6
8
27
6
11
18
7
6
6
36
12
6
19
6
6
6
19
8
6
6
6
6
6
6
6
24
20
6
6
20
6
6
6
6
6
6
6
6
12
6
24
6
33
12
6
10
6
6
12
8
12
18
6
12
44
6
19
6
6
12
6
30
6
14
79
20
11
7
35
11
13
24
13
18
23
11
7
7
7
7
24
7
7
63
7
11
18
17
7
17
13
13
11
7
69
11
45
18
7
7
7
17
24
7
49
12
16
41
13
29
13
13
3
11
13
13
7
98
16
15
7
7
13
8
11
34
7
25
7
13
27
7
7
7
16
7
82
3
10
13
9
51
34
8
7
14
24
7
7
35
65
44
11
7
7
21
11
37
7
7
8
2
1
1
1
2
1
4
30
23
2
4
6
3
12
3
3
3
6
16
3
7
3
4
2
2
17
1
1
5
117
10
2
2
1
1
1
1
6
1
2
4
1
1
8
1
1
1
1
3
1
1
30
28
5
1
1
15
4
1
10
3
1
2
1
14
1
2
15
3
2
1
5
12
20
10
4
38
28
1
14
20
5
7
5
5
5
5
5
13
5
33
8
7
13
5
5
5
5
5
10
5
5
10
10
15
28
5
5
18
5
5
5
5
7
10
13
6
5
10
5
15
29
5
6
5
5
207
10
47
47
5
17
7
11
61
7
5
47
18
4
8
15
10
4
4
14
4
2
4
7
18
22
19
3
6
6
3
6
3
8
6
3
3
5
22
11
2
70
2
6
2
2
2
11
10
2
2
10
13
4
2
2
18
17
15
2
2
3
10
8
2
10
3
4
5
2
4
4
11
2
27
2
2
5
18
2
3
2
2
6
35
6
4
2
17
2
7
2
15
6
2
7
4
2
4
2
8
2
14
2
3
53
2
2
3
2
2
25
8
4
2
2
6
2
2
2
16
2
6
23
12
2
2
2
2
2
4
74
6
7
4
2
64
2
6
24
3
4
4
3
5
33
6
16
4
28
104
7
33
6
6
5
5
4
15
7
3
12
41
11
9
7
3
7
9
10
6
4
4
8
3
15
7
4
5
7
8
46
1
2
2
2
7
1
1
3
1
1
2
1
2
1
6
1
9
1
14
4
1
1
6
1
12
2
13
1
1
85
23
55
1
129
2
1
1
5
8
4
4
12
13
4
4
12
8
16
4
22
4
4
24
4
8
6
28
4
10
4
9
10
16
4
4
11
9
8
6
10
4
5
4
8
14
13
4
6
4
7
3
2
13
2
66
9
18
20
7
2
53
14
13
7
5
6
5
7
72
70
58
15
64
12
49
2
38
5
5
67
11
5
27
7
43
1
10
38
22
5
11
5
17
49
5
163
5
8
2
4
6
7
10
4
2
4
8
11
2
2
6
3
2
14
2
4
4
13
2
2
2
2
6
10
5
12
2
2
2
2
14
4
2
12
13
4
4
2
4
10
4
4
19
2
33
49
6
12
16
15
6
6
15
2
70
12
5
5
28
2
2
2
2
4
2
2
29
20
20
61
12
2
4
2
2
2
18
8
14
6
2
4
2
22
35
12
2
3
5
10
7
2
26
2
61
4
22
18
16
2
2
5
1
1
3
7
1
18
1
7
2
15
10
22
6
2
2
1
72
13
1
24
11
2
3
2
1
2
7
1
1
1
27
3
4
5
1
12
24
2
1
6
12
1
2
1
5
2
1
1
25
39
23
2
3
23
1
4
16
3
2
1
1
14
15
2
1
42
1
13
44
36
1
6
22
15
3
1
7
1
1
1
1
10
1
4
28
8
42
10
49
13
8
10
8
18
8
77
21
16
21
7
12
6
43
22
10
22
11
31
9
208
36
13
7
7
6
32
12
9
26
7
14
12
9
12
11
7
6
12
15
18
9
6
26
14
10
26
20
6
31
21
77
34
9
7
36
35
11
51
23
9
15
975
14
25
40
12
14
11
3
30
10
5
5
16
75
23
25
19
15
17
5
5
5
7
33
17
23
28
7
15
5
5
5
58
5
5
26
16
32
5
45
10
12
18
11
16
7
12
10
5
6
25
15
11
80
10
6
4
4
4
27
13
4
5
10
4
22
14
11
4
5
8
7
9
9
4
4
20
4
4
4
6
6
8
8
4
21
32
4
4
97
9
4
16
4
4
8
6
10
12
12
4
54
24
25
14
9
5
11
20
52
14
12
47
11
8
4
17
12
4
12
30
4
7
4
4
8
36
20
52
4
17
8
36
98
10
12
4
6
12
4
8
8
20
4
4
4
4
20
4
8
4
10
19
4
4
11
16
4
4
4
4
6
4
4
8
15
5
5
4
4
10
27
8
6
15
9
7
4
4
4
1
1
1
1
31
2
5
2
2
1
5
3
1
1
2
1
1
3
1
1
2
1
1
1
6
44
55
4
173
23
25
4
83
23
19
85
12
7
13
12
17
54
13
36
18
12
24
45
36
37
13
12
24
12
19
25
22
78
15
15
17
22
24
51
24
54
16
27
24
12
26
14
17
55
24
27
12
23
19
15
28
22
29
12
12
72
12
20
22
15
34
2
2
38
13
3
2
15
14
3
2
6
5
30
6
23
26
11
7
3
3
10
6
2
5
3
4
3
2
2
2
1
2
11
2
14
14
2
2
2
281
2
2
1
2
12
2
2
6
2
12
9
117
4
14
7
7
2
35
31
8
2
2
4
18
7
1
11
8
10
7
5
4
2
2
2
4
32
4
7
2
5
2
10
3
2
2
2
20
10
4
2
33
4
17
7
4
2
6
2
4
2
11
9
2
2
2
16
8
2
2
6
4
2
3
10
17
2
2
2
14
2
8
13
8
2
20
4
2
2
2
6
9
2
2
2
2
4
8
4
2
5
17
2
8
2
6
2
14
4
17
4
8
30
4
10
10
4
10
17
2
3
2
15
2
6
5
2
2
13
3
2
2
4
7
2
6
4
2
2
16
3
2
2
4
7
30
3
3
2
5
4
3
2
2
4
5
2
2
3
6
4
3
2
10
6
2
4
19
4
2
2
9
3
4
4
5
2
30
3
3
4
13
2
10
20
9
6
2
6
2
2
11
8
9
4
2
2
2
2
2
2
2
28
36
2
2
2
5
2
10
3
13
9
17
3
5
3
5
3
6
7
3
6
7
3
5
1
1
10
1
10
20
1
16
4
1
7
1
7
1
2
1
1
8
1
8
1
1
8
3
1
10
2
5
7
4
30
21
7
7
5
1
1
7
1
1
5
7
5
3
8
1
7
2
20
1
4
43
5
4
31
1
3
5
3
14
9
5
1
1
2
5
1
5
22
2
8
7
1
12
2
2
1
14
14
7
5
1
4
8
6
5
4
2
2
4
1
5
62
10
4
4
5
22
9
7
1
13
3
7
5
1
3
1
1
4
5
2
4
87
8
1
10
1
6
11
2
17
24
4
12
14
20
7
4
1
19
4
27
15
1
17
5
4
6
5
17
8
1
1
2
3
4
1
1
2
10
8
1
1
1
13
3
1
3
4
10
1
165
12
1
11
24
2
4
22
14
2
1
1
5
12
7
1
1
4
5
7
14
5
5
7
21
1
2
7
1
3
5
5
2
5
10
1
5
28
7
2
4
7
4
30
26
9
7
23
6
7
5
5
9
2
20
23
2
9
7
6
1
2
5
4
1
8
8
5
2
19
3
1
1
4
5
263
1
5
1
4
2
5
1
1
13
5
5
3
11
13
5
24
49
4
6
4
4
3
2
5
7
1
2
34
26
4
5
5
18
1
5
36
21
5
2
5
1
4
5
2
4
12
4
28
5
5
8
1
8
1
22
1
8
10
5
5
4
16
14
1
1
11
10
62
61
4
5
1
51
1
4
1
7
7
7
1
4
4
7
1
1
1
5
5
2
5
6
5
4
10
7
5
27
15
4
7
4
5
4
8
1
4
1
5
4
6
14
5
20
4
1
77
5
14
4
5
14
232
9
6
7
6
4
4
7
5
8
1
3
1
4
5
26
2
1
5
1
1
23
1
1
2
3
8
7
2
1
12
1
6
3
1
17
4
5
51
1
11
1
4
8
1
1
14
12
7
1
5
8
28
15
1
13
10
15
4
1
4
2
1
1
7
2
2
6
5
3
2
26
1
2
6
4
1
1
12
4
4
8
2
1
8
1
1
1
1
7
28
12
25
1
1
5
14
7
5
4
1
4
5
1
11
4
7
67
1
7
4
3
7
16
4
7
5
30
7
8
14
6
5
2
3
11
4
1
9
2
7
4
2
1
21
11
12
5
4
5
1
2
10
26
4
14
1
7
2
1
5
8
5
16
4
5
5
5
3
8
1
2
3
10
14
1
5
1
4
6
12
4
2
1
4
4
43
1
9
7
7
2
2
10
2
4
1
2
1
4
1
1
36
5
5
4
9
7
14
1
2
1
11
4
1
1
4
2
9
9
2
2
10
10
2
8
2
2
2
2
2
2
2
11
2
2
2
2
29
2
2
2
2
2
6
4
15
3
14
31
2
3
2
2
2
16
2
2
2
8
13
4
2
6
2
2
3
8
2
40
12
11
6
10
2
2
2
2
26
8
4
4
24
14
12
8
4
7
4
14
8
4
11
4
4
16
4
4
6
29
8
6
5
4
12
11
6
6
4
5
4
4
4
5
3
10
5
7
10
6
2
20
2
3
4
4
2
2
8
4
2
4
4
2
9
2
10
9
13
4
3
6
3
7
15
4
177
2
10
6
2
15
2
4
2
2
2
14
2
15
6
4
4
4
2
2
8
3
4
2
2
6
4
4
39
2
3
18
2
3
3
6
5
3
2
2
27
15
2
2
2
4
4
4
2
5
5
10
7
54
14
10
3
2
4
12
2
2
21
5
6
5
3
2
10
3
2
22
8
2
8
10
4
5
3
8
5
4
2
41
14
2
2
2
2
3
2
6
2
2
3
2
21
2
2
2
5
4
5
6
4
16
2
2
9
4
7
14
6
4
4
6
2
13
2
2
6
25
3
2
4
2
2
2
2
9
2
2
2
43
2
5
16
2
11
3
17
4
3
2
17
2
3
4
7
2
3
2
3
2
4
2
4
4
2
2
47
2
17
4
39
26
13
64
13
83
53
14
103
17
26
31
193
103
16
31
18
18
13
26
16
27
29
28
45
26
27
206
20
40
42
16
52
40
42
19
59
34
26
88
13
9
4
8
4
11
4
4
4
4
4
25
6
4
4
5
4
4
43
4
4
21
94
6
12
2
45
2
2
32
8
2
3
14
27
2
2
17
70
37
5
4
38
34
23
28
6
6
2
6
4
4
2
2
27
6
21
2
18
18
14
2
6
2
2
2
6
2
8
19
9
3
2
2
6
4
2
4
15
2
10
8
4
2
6
18
3
3
3
5
2
19
2
4
2
2
2
114
67
6
5
9
3
3
2
2
2
2
6
2
2
2
4
15
34
9
2
2
6
50
18
6
7
6
18
6
6
6
6
6
10
8
6
6
6
6
52
14
6
12
9
6
6
6
6
6
6
2
10
2
4
8
2
2
13
7
7
2
7
4
5
23
4
6
2
2
11
19
4
2
2
3
6
18
6
38
14
11
130
6
6
6
13
6
12
6
26
6
6
6
6
6
7
6
6
6
6
8
20
24
6
6
6
10
6
6
6
6
17
6
9
6
6
6
6
8
24
3
8
12
3
22
3
3
19
6
3
6
8
3
9
16
6
3
22
3
4
12
15
8
9
6
4
6
14
3
12
4
3
5
12
3
3
10
16
50
3
8
3
12
3
3
3
3
3
7
3
13
14
6
3
3
3
3
10
3
10
15
3
3
3
9
6
6
24
4
3
9
6
8
7
12
3
3
8
6
9
9
3
4
19
6
6
3
6
8
3
11
8
24
18
4
33
3
3
9
3
10
5
3
3
6
3
3
42
31
8
6
30
27
9
3
3
3
3
21
3
6
26
13
8
18
13
3
43
4
49
11
82
4
19
6
6
9
12
9
6
6
6
24
35
30
12
6
12
6
38
13
8
12
29
6
6
8
10
39
6
6
6
6
146
6
12
12
24
24
6
12
9
6
18
10
29
6
6
10
9
18
6
6
6
6
8
6
13
6
12
7
3
3
3
6
3
11
3
24
3
6
3
3
6
6
9
7
5
7
3
3
3
13
78
6
76
13
13
12
6
12
6
18
95
5
5
12
9
13
7
7
6
6
15
5
6
12
15
7
7
21
7
5
13
8
18
5
23
33
6
45
7
18
14
6
6
12
6
7
6
6
5
6
14
7
9
8
10
14
6
124
6
6
6
6
7
15
7
7
5
5
5
7
5
5
5
7
6
28
21
6
12
9
5
6
16
19
7
5
5
14
6
12
13
12
12
12
7
12
28
11
6
6
6
9
24
5
12
20
12
7
6
30
6
6
12
6
6
31
45
6
5
5
6
2
2
8
2
14
3
12
4
18
5
2
2
10
22
8
2
2
20
3
2
51
11
2
4
4
21
18
2
14
34
8
6
4
2
2
4
6
2
2
33
4
2
2
3
2
22
2
9
7
12
9
2
2
4
2
13
6
2
3
9
2
57
2
2
2
10
2
21
7
22
5
18
8
40
4
4
2
2
2
4
2
3
7
2
8
16
2
6
2
2
20
18
2
4
7
57
4
3
4
13
2
10
8
6
2
2
47
3
11
3
3
18
7
22
13
3
3
3
4
4
4
8
4
8
4
6
18
8
3
3
3
3
3
22
14
2
7
5
4
8
4
6
2
2
5
2
10
4
23
6
13
3
2
3
24
2
44
27
2
7
6
6
3
6
3
9
9
6
3
11
21
3
33
3
6
9
9
5
3
3
31
9
12
3
3
10
5
3
7
3
3
3
3
3
4
1
1
1
1
1
1
7
3
2
1
2
1
1
1
10
7
1
6
1
42
1
6
22
1
3
1
1
2
11
1
2
2
1
12
1
4
1
1
1
7
6
1
1
6
1
1
1
1
4
24
4
4
4
27
9
3
4
4
8
6
4
20
21
12
4
4
4
4
4
4
7
4
4
4
4
7
4
4
12
6
16
4
4
4
7
4
20
28
4
53
8
4
19
4
2
2
11
7
2
2
9
8
2
4
4
21
12
11
3
5
6
2
4
2
12
2
5
2
2
18
2
16
2
4
2
2
2
5
2
21
2
5
23
2
14
6
5
2
4
5
2
2
10
4
2
2
12
2
6
2
5
4
3
2
2
4
13
2
4
2
1
1
1
3
13
3
31
12
3
6
3
6
6
3
24
6
7
3
9
3
6
3
7
3
3
3
3
3
3
6
3
5
3
3
7
6
3
4
6
3
10
6
3
3
6
4
3
3
3
3
3
3
6
4
3
5
15
5
4
35
4
4
16
12
4
9
4
40
15
28
8
8
8
6
3
6
3
21
9
3
39
3
6
5
18
3
3
3
3
5
3
6
2
2
2
2
2
2
8
2
2
9
2
4
57
2
3
14
8
4
2
2
13
2
4
2
3
2
8
4
10
26
2
4
4
20
2
3
2
4
2
2
2
2
2
7
4
18
2
2
9
3
2
2
4
2
6
4
2
2
26
4
2
2
3
2
4
5
4
4
4
2
2
10
2
2
48
2
14
71
4
3
30
14
6
30
12
4
5
8
6
2
8
5
10
2
2
6
2
3
4
9
2
10
2
2
2
9
2
3
2
4
2
5
5
2
2
7
2
2
5
3
4
4
6
2
2
10
8
2
9
4
2
4
2
2
16
9
2
8
29
2
4
2
2
11
10
4
2
16
4
2
2
2
2
6
3
4
2
50
2
2
4
2
2
2
2
6
4
12
2
2
2
5
4
2
49
2
4
2
10
2
2
2
7
14
2
4
2
2
127
4
4
2
2
10
10
85
2
2
2
6
2
2
2
19
17
2
3
4
5
8
4
6
2
2
2
16
2
8
2
6
2
8
10
5
11
2
13
10
2
2
2
7
4
2
10
2
2
2
2
4
22
2
4
2
5
15
8
4
2
2
2
3
2
2
35
3
2
4
2
7
2
8
2
2
2
5
4
9
2
4
2
2
2
2
2
2
2
3
2
2
2
4
3
2
2
4
6
4
4
5
2
2
6
2
2
2
13
10
5
2
13
2
2
2
2
2
14
4
4
14
38
10
19
10
6
8
6
6
6
7
31
6
6
6
6
34
6
6
8
6
11
6
6
6
6
9
6
6
6
9
17
6
8
6
22
14
28
6
6
6
6
6
6
15
92
7
7
12
13
6
6
6
6
12
6
12
6
6
10
7
82
8
8
12
54
6
14
6
6
16
10
9
7
6
6
6
12
6
9
25
4
3
3
11
3
3
2
1
1
2
3
2
2
1
1
1
1
1
6
1
2
1
1
2
1
1
2
1
1
1
5
2
1
1
1
2
4
1
1
1
2
36
4
1
2
1
1
1
2
1
2
1
11
1
4
11
2
6
2
1
3
2
1
1
1
1
2
1
1
2
2
1
1
5
3
1
1
5
1
1
9
1
1
4
7
1
1
1
1
1
1
9
2
8
2
1
15
6
6
12
6
6
6
6
6
6
6
7
6
6
6
6
6
6
6
11
7
6
6
6
6
6
6
6
6
6
6
6
6
6
6
6
14
21
11
16
3
3
3
3
9
3
2
12
19
16
28
8
8
20
8
16
8
16
15
40
8
8
8
24
8
34
16
24
8
8
9
8
8
2
2
2
3
6
5
4
5
4
14
4
4
4
4
13
4
4
4
4
14
2
1
5
2
1
1
6
1
1
2
1
6
4
1
3
6
7
3
2
2
6
1
1
3
2
1
1
7
1
2
5
1
1
1
1
1
1
2
2
5
15
5
7
5
4
15
2
5
3
2
19
1
1
1
3
11
1
1
1
3
1
20
9
4
1
1
1
1
9
1
9
1
3
2
1
9
1
1
2
5
1
1
12
2
4
6
9
1
2
1
1
6
1
9
8
7
3
29
8
1
2
3
3
3
2
2
4
2
2
2
42
2
4
2
15
6
2
2
8
6
4
2
2
21
2
15
22
7
5
5
5
11
11
4
8
8
4
8
3
44
8
7
8
14
4
9
58
72
8
9
3
12
4
4
8
4
33
3
4
6
17
12
15
3
4
7
3
3
4
9
3
34
8
6
9
6
4
4
33
3
4
3
8
4
3
18
3
4
27
6
3
6
27
9
12
3
12
4
25
3
28
4
14
8
14
7
14
8
2
47
2
6
6
2
2
2
4
4
6
6
4
2
2
5
2
2
4
2
2
5
6
2
2
2
2
16
2
2
3
2
2
44
1
1
3
2
1
2
16
7
11
1
1
6
5
1
1
12
1
1
9
4
1
1
4
14
7
3
2
5
7
1
7
1
1
6
3
1
1
10
7
5
8
2
1
1
4
1
6
1
9
1
2
1
2
2
5
1
1
6
1
1
1
3
3
7
4
1
5
9
1
5
4
1
2
5
10
2
1
6
1
1
1
3
1
3
1
3
3
2
1
1
1
3
1
5
2
1
2
1
1
1
3
7
22
5
1
1
5
3
8
8
4
4
4
12
4
8
4
3
2
12
4
6
5
7
2
2
2
4
4
9
2
2
2
5
4
2
4
2
4
4
8
7
9
6
2
2
4
2
2
6
8
3
4
4
6
2
4
4
4
4
3
2
3
2
46
4
4
30
4
4
2
4
5
4
4
6
6
9
4
8
6
2
4
4
6
4
3
8
4
3
8
4
4
8
4
4
5
2
8
2
5
4
2
4
13
10
3
6
3
6
2
5
2
6
1
1
1
3
5
3
5
3
3
5
3
3
6
19
1
2
2
6
1
5
1
8
4
4
4
4
8
4
4
4
4
6
20
4
4
8
4
4
4
5
4
4
5
4
12
4
7
12
4
4
8
5
5
8
4
4
4
7
4
29
4
4
4
8
17
6
4
12
4
4
4
4
8
36
8
4
4
10
4
8
4
4
9
4
4
8
4
8
4
4
8
4
4
4
4
58
4
6
4
7
4
4
4
4
4
4
8
5
4
8
4
8
4
4
4
8
12
4
20
4
4
11
4
8
8
4
4
8
4
4
4
4
81
8
8
11
4
4
4
4
4
8
12
8
4
4
4
8
4
4
12
4
4
4
4
4
9
4
4
4
8
1
1
6
5
6
1
8
4
1
1
1
1
5
1
5
13
1
1
2
1
2
7
6
2
1
6
2
2
2
2
7
3
2
1
5
3
1
1
10
1
11
1
1
3
2
1
2
2
5
27
8
3
12
2
2
6
2
10
6
10
2
1
1
1
13
3
3
4
3
3
1
1
8
8
6
2
1
3
2
12
1
1
38
1
1
4
11
5
1
1
2
5
4
12
1
6
1
1
3
10
3
1
6
1
1
1
2
3
1
38
1
1
1
4
2
1
1
7
1
27
9
1
4
2
24
2
7
4
4
5
4
4
2
4
2
4
4
4
4
4
5
5
4
4
4
4
4
7
4
4
4
6
8
10
4
4
4
4
16
4
4
2
2
2
2
2
2
2
2
2
4
2
2
2
2
2
4
6
3
7
4
3
4
3
3
2
2
4
2
2
6
5
5
3
2
2
28
3
4
4
2
11
2
4
3
6
2
2
3
6
10
3
7
3
7
2
7
11
1
4
7
8
1
9
4
6
3
4
6
3
3
9
3
4
3
3
11
4
5
3
16
4
4
24
4
3
5
4
6
3
9
18
4
3
9
3
3
3
3
3
6
3
4
4
3
7
3
4
4
10
3
4
11
26
10
8
3
4
15
11
4
28
24
3
3
9
3
3
4
3
3
3
3
8
3
15
18
3
7
3
3
9
7
3
3
3
9
3
8
3
30
3
5
3
11
4
4
3
3
3
9
15
3
4
4
4
12
7
4
6
6
4
4
3
3
3
4
3
5
3
7
5
3
6
22
3
3
4
6
3
3
3
10
3
4
11
5
15
6
15
12
7
5
4
3
3
3
9
11
5
3
6
4
9
3
7
4
3
4
5
36
9
6
3
6
10
8
10
3
3
3
3
3
3
6
5
12
8
3
3
3
3
4
4
3
3
3
4
3
3
4
10
9
6
3
3
5
4
6
4
3
6
10
6
4
6
17
16
8
3
13
6
8
6
21
3
3
3
14
11
3
8
5
7
7
7
9
21
21
7
15
14
7
10
7
1
7
1
1
7
7
4
1
4
1
2
6
1
9
3
2
6
3
7
12
4
2
2
1
1
9
11
32
1
1
1
4
6
3
3
6
21
3
3
3
3
3
6
3
12
9
14
2
2
1
6
1
3
7
1
1
2
9
1
2
1
5
2
12
5
1
3
2
2
18
1
1
11
1
1
5
1
4
2
2
10
2
1
1
1
1
1
1
1
9
3
1
1
6
3
2
3
2
2
2
23
1
2
5
2
6
4
1
4
1
3
1
6
1
1
1
2
3
31
1
1
1
17
5
5
6
1
1
1
3
1
1
2
1
1
1
1
1
1
4
3
4
1
2
1
7
12
5
11
1
1
3
1
8
3
4
1
1
6
6
1
1
56
1
3
3
1
1
2
4
2
10
7
1
1
2
2
1
6
1
1
1
4
1
1
4
3
1
1
14
1
6
4
1
4
12
1
1
1
1
1
4
2
2
2
1
3
1
8
1
1
1
3
1
1
3
2
1
3
1
1
1
3
3
26
1
9
2
2
2
5
39
6
5
6
8
1
1
2
1
1
3
1
1
2
1
5
1
2
4
2
31
6
1
6
1
20
4
1
2
2
1
1
1
1
1
2
12
16
1
2
72
1
2
1
2
2
3
2
10
5
2
11
2
4
1
1
7
1
3
1
1
1
3
2
2
4
4
4
11
4
4
4
4
2
2
2
4
13
4
7
15
8
4
5
20
7
10
4
20
22
4
4
12
4
8
4
4
4
7
4
8
10
4
10
7
4
4
4
8
30
8
8
16
16
9
15
4
26
4
8
12
4
28
12
4
22
8
7
4
7
4
4
7
4
4
20
6
33
4
7
7
4
24
12
24
4
4
11
8
4
4
12
48
9
8
4
7
20
4
4
4
22
4
5
5
7
4
7
4
4
8
8
4
7
9
64
4
20
11
4
4
8
7
7
4
4
4
4
5
4
8
4
8
8
68
14
8
4
4
4
4
60
16
4
7
4
4
9
7
12
12
16
35
4
4
4
17
8
4
4
4
4
12
11
4
20
4
8
4
5
4
7
14
8
8
24
8
4
4
4
4
5
4
3
4
2
2
1
4
1
2
10
1
1
1
3
1
4
1
3
5
6
2
2
2
2
9
2
2
2
2
2
2
2
2
3
2
2
4
4
6
2
4
7
2
5
4
2
2
2
8
8
2
2
2
11
2
2
2
2
3
4
2
7
2
7
10
3
6
2
4
2
2
10
6
4
2
4
2
10
4
4
10
7
3
6
5
6
3
3
1
3
2
1
21
1
1
1
16
1
8
1
1
2
4
1
2
1
1
8
1
1
3
6
8
8
8
9
8
16
8
16
8
8
8
8
32
16
8
8
8
8
8
19
8
9
8
57
48
8
8
8
8
24
8
8
8
24
16
8
8
41
9
10
40
8
16
40
48
8
8
8
8
3
6
23
3
8
3
3
6
18
15
6
9
19
3
3
7
8
3
6
47
3
4
3
3
6
3
5
2
1
1
1
1
1
4
1
2
2
1
5
2
1
1
1
1
1
4
1
1
1
1
6
2
5
2
1
1
2
1
2
5
3
1
5
2
1
5
4
5
1
1
1
3
57
1
2
1
1
6
1
4
2
1
5
10
1
1
2
2
1
1
1
3
1
2
3
5
2
2
1
2
1
4
2
1
2
4
1
5
2
1
1
1
1
4
48
2
4
1
2
5
2
1
1
2
1
1
36
2
2
42
2
3
1
6
1
2
6
2
1
4
2
1
1
1
17
1
1
1
6
2
2
1
8
4
2
1
4
2
9
1
2
2
1
1
1
5
1
1
1
1
3
2
2
3
1
1
2
2
1
2
2
1
2
2
1
1
1
1
5
1
2
5
1
2
1
6
2
15
5
27
1
2
1
2
2
4
2
3
2
5
1
1
1
5
3
1
1
2
3
1
2
1
1
2
1
4
1
2
10
1
3
1
3
1
1
1
2
3
2
1
1
48
1
12
32
2
2
2
4
2
2
4
1
3
4
4
2
1
1
1
8
1
1
1
2
1
1
1
1
1
3
1
1
1
6
3
10
11
3
1
1
1
1
1
1
1
1
1
8
9
9
8
8
48
9
25
8
8
8
8
10
1
2
1
1
1
2
1
1
1
1
5
8
12
6
6
12
6
12
6
6
7
6
12
12
6
6
1
6
1
1
2
1
1
1
5
2
1
1
6
4
1
1
2
3
4
1
4
1
1
2
1
1
1
6
2
1
2
1
1
1
1
4
1
84
3
4
3
3
3
28
6
5
3
3
30
3
3
16
8
8
16
8
8
10
16
16
17
36
45
11
2
1
3
6
3
4
8
4
4
4
8
4
4
4
4
4
4
4
4
4
8
4
4
4
4
4
4
4
4
4
5
2
1
1
1
2
9
1
2
2
7
2
1
2
1
1
1
4
2
1
1
2
16
12
7
14
14
1
1
4
5
1
1
1
2
7
2
3
3
2
1
1
1
1
1
1
1
2
9
1
1
1
1
2
1
2
5
1
1
1
1
1
1
1
2
3
2
1
3
2
1
2
1
3
1
1
1
1
1
2
2
3
4
1
1
1
1
7
1
2
1
1
1
1
1
1
1
2
1
1
3
1
1
7
1
3
1
1
1
4
1
2
1
3
1
6
2
4
6
3
14
7
7
3
10
7
3
8
3
3
31
3
5
3
3
3
6
5
3
5
9
17
3
4
7
9
9
7
9
5
4
7
3
6
9
32
3
4
3
4
3
7
6
3
13
4
31
3
4
4
9
2
4
3
2
2
3
2
2
1
1
7
1
2
2
1
1
1
2
1
1
1
1
1
1
1
1
1
1
1
2
1
1
2
1
1
1
1
3
1
1
1
1
1
1
1
1
2
1
1
1
1
1
2
1
2
1
1
1
1
1
1
2
1
2
15
1
4
1
1
4
1
1
1
5
7
1
1
1
1
1
1
2
1
3
2
1
1
4
1
1
1
5
1
1
1
3
1
1
1
2
1
4
1
3
1
1
1
8
5
2
1
10
2
1
1
2
1
19
5
5
25
15
5
5
15
5
10
10
5
8
6
15
5
5
5
5
5
5
5
2
2
2
4
2
6
10
2
4
4
6
2
2
2
2
4
2
4
12
2
2
2
2
4
1
2
3
3
3
4
4
14
2
2
4
2
2
8
2
4
2
12
6
7
6
6
18
26
6
6
6
9
6
3
3
4
3
4
3
3
3
5
15
5
8
5
5
5
7
5
5
5
5
2
2
2
2
2
3
4
2
2
2
3
2
2
2
1
4
3
3
1
3
1
2
5
3
1
1
1
1
2
13
1
1
5
4
1
2
3
1
1
1
3
1
2
1
1
3
1
4
1
3
1
1
3
2
6
1
1
1
1
13
1
1
1
2
1
3
1
1
2
1
6
1
1
1
1
2
2
4
6
5
2
2
1
1
4
3
1
2
3
1
2
1
2
1
2
10
1
20
1
21
1
1
1
1
1
1
1
13
2
2
17
1
1
8
2
1
2
8
12
24
2
6
4
3
2
2
2
4
2
2
4
10
2
2
2
2
2
2
2
3
3
3
3
6
3
3
6
3
9
3
3
3
3
3
4
60
16
4
5
8
4
30
12
16
4
6
12
4
8
12
6
6
8
12
5
8
36
6
12
4
8
8
8
5
3
8
8
16
6
9
19
4
4
1
1
1
3
1
1
5
2
2
1
1
1
2
11
1
2
1
1
1
1
2
3
1
3
1
1
11
1
1
1
3
1
8
1
4
6
4
4
52
4
12
4
4
4
4
12
12
4
4
4
4
4
12
24
4
4
4
4
8
4
4
4
4
4
4
4
4
27
4
12
7
4
4
5
4
32
4
8
4
4
48
4
11
4
4
6
7
1
4
7
2
1
1
2
3
1
6
3
2
26
2
8
2
8
4
2
6
2
1
1
1
1
1
2
1
2
2
1
4
1
5
28
2
1
3
3
3
3
3
5
2
3
3
2
2
6
3
2
2
5
2
1
1
1
1
1
2
2
1
3
2
1
1
2
1
1
1
1
3
1
10
3
1
2
11
1
4
2
3
4
1
2
2
1
1
5
1
6
1
1
3
1
4
2
2
2
2
3
2
1
1
3
1
3
2
2
2
2
1
1
9
4
2
1
2
1
2
1
4
1
2
1
1
3
1
1
1
2
1
1
1
2
1
1
1
1
1
1
1
2
1
2
1
1
2
1
1
1
1
1
1
10
4
1
1
1
1
1
2
2
1
2
1
3
1
1
2
1
1
1
1
1
1
6
2
1
1
1
1
1
1
1
1
1
1
1
1
1
1
1
1
2
1
2
2
1
2
2
1
1
1
2
16
2
2
2
2
11
2
6
1
1
3
5
3
1
1
3
3
1
4
4
7
7
3
4
14
3
3
5
3
3
8
3
3
3
7
4
5
7
3
3
3
3
3
3
10
15
3
45
3
3
3
3
3
12
5
5
3
5
3
3
3
3
3
3
5
3
3
3
7
8
3
3
5
3
3
2
1
1
1
1
4
4
4
4
1
2
4
4
7
8
8
2
2
2
4
4
4
8
5
4
2
2
9
2
22
2
22
7
6
2
11
2
2
10
2
5
8
13
2
2
1
1
1
1
1
1
2
1
1
4
1
1
1
3
2
2
4
1
3
1
1
3
3
1
1
1
2
3
1
1
1
1
6
1
1
1
2
1
10
3
8
2
4
2
3
2
1
1
1
1
1
1
1
1
1
1
1
1
2
2
5
1
2
2
4
1
1
1
2
2
2
2
2
2
2
6
2
4
16
4
24
3
6
87
3
42
18
6
9
3
6
3
3
4
1
1
1
1
1
2
1
1
1
2
1
1
1
1
2
1
1
2
1
3
1
1
1
3
1
1
1
1
1
1
1
1
1
1
2
1
1
1
1
1
2
5
1
1
4
2
1
1
2
1
5
3
1
1
3
1
15
1
1
1
1
1
26
1
2
1
2
1
1
1
1
2
1
1
7
2
2
1
3
14
2
7
4
2
2
3
15
15
3
3
4
12
12
3
4
3
6
1
1
1
1
1
1
1
1
1
1
1
1
1
1
1
1
1
1
1
1
1
1
1
1
1
1
1
1
1
1
3
1
1
1
1
1
1
1
1
1
1
1
1
1
1
1
1
1
1
1
1
1
1
1
1
1
1
1
2
1
1
1
1
1
1
1
1
1
1
1
1
1
1
1
1
1
1
1
1
1
1
1
11
1
1
1
1
1
1
1
1
1
1
1
1
1
1
1
1
1
1
1
1
1
1
1
1
1
1
1
1
1
1
1
1
1
1
2
1
1
1
1
1
1
1
1
1
1
1
1
1
1
1
1
1
1
1
1
1
1
1
1
1
1
1
1
1
1
1
1
1
1
1
1
1
1
1
1
1
1
1
1
1
1
1
1
4
4
4
5
5
4
4
4
5
4
9
4
2
2
3
1
1
1
1
2
3
4
1
1
2
3
2
2
2
1
2
1
2
2
2
1
1
1
2
3
1
7
1
4
1
1
2
1
11
5
1
2
1
2
4
2
1
1
1
1
2
4
8
1
1
2
6
3
14
3
1
1
1
1
1
1
2
2
4
4
1
4
1
1
1
1
3
1
2
4
5
1
1
1
2
1
2
2
1
2
19
1
2
12
2
1
1
4
1
3
1
1
1
1
1
3
3
3
3
3
6
1
2
1
1
3
1
1
1
2
4
1
1
1
1
1
1
1
4
54
1
2
1
1
1
2
1
1
2
1
1
1
2
2
1
2
1
2
1
6
2
1
1
1
2
2
2
4
2
1
2
2
3
1
1
1
1
1
1
1
1
2
1
1
1
2
2
2
2
2
2
4
2
2
2
4
2
2
2
4
2
2
4
2
2
2
2
2
2
2
2
2
2
2
2
2
2
2
2
4
2
2
4
2
2
2
2
2
2
2
2
6
2
2
2
7
6
2
2
2
2
2
2
2
4
2
2
2
10
8
10
2
2
1
3
1
1
2
1
1
1
1
1
3
1
1
1
1
4
1
1
1
1
2
2
1
1
1
1
1
1
2
2
1
1
2
1
1
1
1
1
1
1
1
1
1
1
5
4
4
4
1
1
1
2
1
1
5
2
1
1
1
2
1
1
2
2
2
2
2
4
4
2
4
2
2
2
2
2
1
1
1
1
3
1
1
3
28
4
1
5
1
1
1
1
1
1
1
1
3
1
1
3
1
1
1
4
4
4
5
8
4
64
7
12
4
5
6
6
4
4
5
4
16
4
8
4
4
12
4
5
16
4
4
3
48
13
12
6
16
12
8
4
3
8
1
1
1
1
1
1
1
3
3
5
3
6
3
3
3
3
5
3
3
3
6
3
15
3
3
3
3
9
3
3
6
9
39
3
3
24
3
1
1
2
3
1
6
7
3
24
5
2
4
2
9
15
5
10
10
1
1
1
2
2
1
1
1
3
1
1
1
1
1
1
1
4
1
1
2
1
1
2
2
2
2
3
2
10
1
1
1
1
1
1
2
1
4
2
1
1
1
1
1
3
1
2
1
1
1
3
1
1
5
5
1
1
1
1
1
12
5
1
1
3
15
1
1
1
2
1
3
1
2
1
1
1
1
1
2
1
1
1
10
1
1
1
2
5
4
5
4
3
4
5
6
2
3
2
5
4
4
4
3
4
4
3
4
1
1
1
3
3
1
1
3
1
1
4
4
2
2
5
2
2
2
2
4
6
2
2
17
2
2
2
4
2
2
2
2
4
3
10
2
2
2
2
2
2
2
2
2
2
8
4
4
2
2
2
2
4
2
2
2
4
2
4
2
2
4
2
4
4
2
4
4
2
2
2
2
4
2
6
2
2
2
2
2
2
4
2
4
2
2
2
2
4
2
2
2
2
2
2
2
2
2
2
4
12
3
3
1
2
8
3
9
3
2
1
1
4
2
1
4
2
2
1
1
1
1
1
1
1
1
1
1
1
1
3
1
1
1
1
3
1
1
1
2
1
2
1
1
2
1
1
2
1
1
1
1
1
2
1
1
1
1
1
2
2
1
1
1
1
1
1
3
1
1
9
3
3
6
3
3
6
3
6
2
1
2
1
1
1
2
2
1
9
1
3
4
2
2
2
4
4
2
2
2
1
6
1
2
2
4
2
1
2
1
4
1
3
1
4
2
4
10
2
1
6
4
4
4
1
2
2
4
2
1
2
2
4
1
2
2
4
5
3
2
1
4
2
2
1
1
2
4
3
2
3
2
1
2
1
2
4
2
1
1
16
3
4
1
2
4
4
1
1
1
2
2
4
2
4
4
1
4
2
2
2
2
1
4
4
1
3
4
2
1
4
4
4
1
4
2
1
1
1
1
4
2
2
1
1
4
2
2
1
2
1
4
2
1
1
1
2
1
2
4
2
4
6
2
4
1
4
4
1
2
2
1
1
6
4
2
4
8
4
2
4
1
2
1
3
4
1
2
1
3
1
12
4
1
1
4
4
13
5
2
2
4
3
1
2
4
9
1
4
2
4
2
2
8
4
4
2
2
2
1
1
2
3
1
1
1
1
1
1
1
1
4
1
1
1
2
3
1
1
1
1
1
1
1
3
2
1
1
1
8
1
3
3
1
1
1
2
5
1
1
1
4
1
1
2
1
3
1
1
1
1
4
1
1
1
1
2
3
1
1
1
1
2
2
1
1
2
1
1
1
1
1
1
1
3
2
1
1
1
1
1
1
1
1
1
1
1
3
1
1
2
1
1
1
1
1
1
1
1
1
2
2
1
1
1
1
2
1
1
1
2
2
1
1
1
11
1
1
1
2
2
1
1
1
1
2
6
2
6
4
1
3
2
2
2
10
2
1
1
2
1
1
1
5
1
2
1
3
1
1
1
7
1
1
1
3
1
1
1
1
2
1
2
3
1
1
1
1
1
3
1
2
1
1
1
2
1
1
4
8
4
3
6
3
4
4
10
3
3
4
5
3
3
39
3
3
3
3
3
3
3
3
6
3
3
24
55
3
5
9
3
4
6
6
1
3
6
9
1
2
4
4
4
3
4
2
2
2
4
2
2
2
2
2
2
2
2
4
2
2
6
2
4
4
6
4
2
4
14
2
2
4
2
14
6
6
4
6
4
4
2
6
2
2
2
2
6
2
2
4
2
3
2
6
2
6
4
2
2
2
2
6
9
4
2
2
2
2
2
2
2
4
4
20
2
2
4
2
2
4
6
8
16
4
26
4
2
2
2
22
4
2
6
4
3
2
4
10
2
4
2
6
3
2
1
1
2
1
1
1
1
7
1
1
2
1
1
3
1
1
1
1
1
1
1
1
1
2
1
1
2
1
1
2
1
2
5
1
1
3
5
2
1
1
1
1
1
1
1
1
1
1
1
1
1
1
1
1
1
1
1
12
1
1
1
1
5
3
1
1
2
1
1
1
1
1
1
2
4
1
5
2
1
1
1
1
2
1
1
1
2
2
1
2
3
1
1
1
1
1
1
1
1
1
1
1
1
1
1
3
1
1
1
1
1
5
1
1
1
1
1
1
4
1
1
1
1
2
2
2
2
3
2
2
6
2
2
2
2
4
6
2
2
2
4
2
2
2
2
10
2
6
4
3
3
6
1
10
1
1
2
1
1
1
1
2
1
2
1
1
1
1
1
7
1
4
2
1
4
1
1
2
1
1
1
1
2
2
2
1
1
1
2
1
1
1
1
1
1
6
1
1
1
1
1
2
2
1
4
1
1
5
19
1
1
1
1
1
1
1
1
1
1
2
2
4
8
4
8
4
8
4
4
4
4
4
4
8
4
4
4
8
4
4
4
4
4
28
4
20
8
4
24
16
20
4
4
4
4
8
1
2
1
1
4
2
1
1
1
1
2
2
1
1
1
2
2
2
1
1
2
1
1
1
3
1
1
4
2
2
2
2
2
3
4
3
2
2
3
2
2
2
6
6
2
2
2
2
1
1
2
4
2
4
3
4
1
2
1
3
1
8
1
1
1
1
1
1
1
1
1
1
2
1
3
1
9
1
3
4
1
1
3
3
1
1
2
1
1
1
1
2
2
1
1
1
4
1
3
1
7
3
1
3
2
3
1
1
1
1
1
7
2
2
4
1
1
1
1
2
1
1
1
1
2
3
1
3
1
1
1
1
1
1
1
2
1
1
1
1
3
1
2
1
1
1
4
2
4
2
4
2
6
2
4
2
2
2
2
2
2
2
2
4
2
6
2
2
2
2
2
2
2
10
2
2
2
2
2
4
2
10
2
2
2
2
2
2
2
3
2
4
2
4
2
4
2
1
5
1
1
3
1
1
2
1
1
1
1
2
5
1
1
1
1
1
1
3
3
1
1
1
1
1
3
2
2
4
1
2
1
3
2
1
1
1
3
1
1
1
5
3
1
1
1
1
1
1
1
1
2
2
1
1
1
1
1
1
1
1
1
1
1
1
1
9
1
1
4
1
1
1
1
1
1
4
1
1
1
1
1
1
4
1
2
1
1
2
1
7
2
1
1
1
1
1
3
1
3
1
1
1
2
1
1
2
5
1
1
1
2
1
1
1
1
2
1
1
2
1
1
2
1
1
1
1
1
2
1
1
1
1
2
1
1
1
1
1
1
1
1
1
1
1
1
1
2
1
1
1
1
1
1
1
4
1
1
1
1
1
1
1
1
2
2
1
1
1
1
2
4
1
1
2
4
2
4
1
2
1
1
1
1
3
1
1
1
1
1
2
2
2
2
1
1
2
3
2
1
3
3
1
2
1
1
1
1
2
2
1
1
1
1
2
2
1
2
2
2
2
1
3
1
1
1
1
2
13
7
3
1
1
2
1
2
1
4
1
5
1
4
1
1
1
3
1
5
7
4
2
4
1
1
2
2
1
4
1
1
1
1
2
1
3
4
1
1
1
1
4
1
1
5
3
1
1
1
2
1
1
1
1
1
1
1
1
3
10
1
1
4
4
3
1
1
1
1
1
1
5
2
5
1
1
4
1
2
1
4
1
1
2
2
1
1
1
1
2
1
1
2
1
1
1
1
3
1
3
2
1
1
6
1
1
2
2
1
1
1
1
1
1
1
1
1
2
1
1
2
1
2
2
1
1
1
1
1
1
2
1
1
1
1
1
1
1
1
1
1
2
2
1
1
2
2
2
2
2
6
1
3
4
1
1
1
2
1
1
1
1
1
1
2
1
2
1
1
3
1
3
1
1
1
1
1
3
1
1
1
3
1
1
1
1
1
1
1
1
13
1
2
1
1
1
5
1
1
1
2
2
1
1
1
1
1
1
2
1
1
1
6
2
1
1
1
1
3
1
1
1
3
1
1
1
1
1
1
1
1
1
1
2
1
1
1
1
1
1
1
1
2
1
2
10
2
10
11
2
2
2
2
1
1
1
1
1
1
2
1
1
1
1
1
1
2
2
2
2
2
2
2
2
2
2
2
2
2
2
2
1
1
15
1
4
1
1
1
2
1
1
1
3
2
4
1
1
7
4
2
2
2
2
2
4
2
2
2
2
10
6
2
2
1
2
1
2
2
2
2
2
2
2
2
2
2
2
1
1
1
1
1
1
1
1
1
1
1
1
1
1
2
1
1
5
7
1
3
1
1
1
1
1
4
1
1
1
1
1
1
1
2
5
2
2
4
2
2
2
4
2
2
2
2
8
2
2
2
2
2
2
2
2
2
2
6
2
2
2
4
1
2
1
1
1
2
1
3
1
1
2
1
2
1
1
1
1
4
1
1
1
1
2
1
7
1
1
2
1
2
1
1
2
1
1
4
2
1
1
8
1
1
1
2
1
1
1
1
3
1
1
2
1
9
3
2
4
6
1
1
4
4
1
1
3
2
1
4
2
2
2
2
2
2
2
2
2
2
2
2
2
2
2
2
4
2
2
2
1
2
1
1
1
2
1
1
1
2
2
1
1
3
1
2
1
8
1
1
1
1
2
5
4
3
1
1
1
2
1
1
1
1
1
2
1
1
1
1
1
6
2
1
2
1
1
2
1
2
6
2
1
1
1
1
1
1
1
1
1
1
1
1
1
1
1
3
1
1
1
1
1
1
1
1
1
1
1
1
1
1
1
1
1
1
1
1
1
1
1
1
1
2
1
1
1
4
1
4
1
1
1
1
1
1
1
1
1
1
1
1
2
1
1
1
1
1
1
1
1
1
4
1
1
1
1
1
1
1
1
1
1
12
1
1
1
1
1
1
1
1
1
2
1
1
1
1
1
1
1
7
7
2
2
2
2
8
3
3
1
10
1
1
3
1
1
1
2
3
2
1
1
1
1
1
1
20
1
1
1
1
1
1
1
1
2
1
1
1
1
3
2
1
1
2
1
1
1
3
2
2
3
14
1
2
10
3
3
3
1
1
1
1
3
1
1
1
2
3
1
1
1
1
7
1
1
1
5
12
1
1
7
3
1
1
3
1
1
3
1
4
1
2
1
4
2
1
1
1
2
1
1
1
1
1
1
1
1
1
1
3
2
1
1
1
5
1
2
1
1
1
1
4
1
1
1
5
1
1
1
1
1
1
1
1
1
1
1
5
2
1
2
2
1
5
2
1
1
6
2
1
1
1
6
1
1
1
1
2
1
4
1
1
1
1
1
2
1
1
4
2
1
1
4
1
2
2
2
1
