39
2
13
47
1751
596
15
62
3388
676
570
2
5
980
2000
2196
127
37
463
229
262
61
3074
2509
130
114
1347
2133
1706
225
2122
845
205
650
234
3133
153
365
231
6
536
214
220
380
11
874
1596
750
1488
204
306
1829
909
27
3060
30
216
1813
372
795
135
72
570
1271
310
4378
512
37
2828
760
18
59
388
1708
3174
692
89
594
29
2410
709
1286
209
39
213
31
243
2379
14
674
162
794
12
40
482
140
931
643
147
464
94
75
39
402
202
54
259
263
1
77
9
76
2236
632
17
229
726
480
829
5
46
2887
1122
261
242
21
131
914
4214
942
852
1402
2264
8
158
6
420
482
1
5
67
198
3282
199
75
112
25
1180
183
1028
87
23
23
1529
3712
234
220
25
832
503
498
26
1343
483
120
184
127
117
108
87
109
291
695
1160
669
64
55
145
233
35
89
2919
3
188
1061
1319
1362
3596
11
606
1206
526
9
39
77
379
81
1
2837
129
1272
29
780
12
150
7
237
96
94
8
207
264
3790
343
259
72
46
38
1647
3350
102
1
1
148
1849
1225
1754
5
7
791
274
1
681
1476
876
1901
433
794
333
1689
18
1645
341
1703
7382
387
595
556
135
148
491
728
152
77
228
449
65
10
1100
519
19
168
586
341
381
89
376
284
7
11
820
276
323
267
29
1039
439
153
842
162
543
226
2
21
139
237
5
12
1545
39
115
265
1542
356
1222
358
24
282
4697
26
1158
56
4757
231
287
127
53
55
334
1133
299
119
503
155
547
526
46
28
1082
727
16
16
126
72
58
344
266
450
37
67
5
378
816
477
215
826
223
414
1361
972
85
158
2655
2910
618
135
1600
675
29
223
153
43
8
174
384
403
37
13
698
122
416
2837
5
186
110
245
504
654
51
9
508
9
13
32
2
5469
136
15
112
5
10
2008
93
20
12
37
103
1580
170
80
112
3
197
14
28
50
261
30
126
1022
133
110
9
417
440
178
97
46
98
180
20
18
116
6
280
47
376
144
30
93
583
79
1449
96
1489
211
344
1
156
26
40
117
338
178
27
137
139
39
186
165
56
48
23
82
176
3
63
137
326
10
3
187
2119
42
1829
607
1828
306
167
957
31
1060
2298
1349
4111
112
58
401
269
22
362
107
827
1158
2
527
13
35
56
888
1803
2
3
9
655
4
3
43
8
46
1
603
899
1339
351
4
64
2315
84
478
1308
15
208
50
615
1
555
2
103
371
121
83
164
570
71
1029
164
319
672
107
205
190
1044
1402
103
2550
189
199
793
371
93
48
72
301
8
32
285
171
997
2333
179
22
91
14
83
1364
234
22
1446
410
237
606
1920
205
113
47
194
338
220
72
1258
4
118
26
34
361
18
35
45
1
863
21
6
21
29
12
288
118
90
790
92
186
582
115
325
9
58
221
403
367
4
241
20
223
55
1739
58
53
46
159
832
202
63
1017
160
186
360
55
223
226
363
4
23
18
8
49
2
445
278
224
135
7
37
454
2
214
419
129
413
216
2404
960
457
256
171
245
408
5759
42
419
684
292
325
101
869
84
70
134
29
2756
1157
55
51
848
25
195
325
247
3
709
348
129
55
333
34
8
90
93
1408
3044
318
359
298
128
12
10
165
1
354
202
13
227
169
139
966
23
388
69
15
137
47
547
262
29
34
218
16
1
12
19
151
1572
95
11
22
37
661
6
45
1
61
17
155
456
41
515
71
125
654
388
848
106
113
192
259
44
896
38
734
147
37
837
32
638
289
1332
657
659
38
22
79
420
10
282
43
184
167
30
190
931
70
31
168
396
670
859
105
425
2743
51
81
16
6
446
268
205
9
78
300
513
38
56
732
255
1904
3837
502
215
374
693
296
287
549
207
177
86
172
54
60
19
34
290
415
191
102
103
902
23
220
13
1
84
28
41
102
8
42
934
952
100
13
7
121
64
16
12
1485
51
289
66
1
391
3111
609
404
24
13
70
163
411
1308
51
201
107
244
35
1626
224
527
184
725
4
477
370
74
291
186
1094
5
64
21
51
11
19
109
295
151
31
23
318
111
11
152
785
870
11
89
120
557
328
85
147
352
35
73
108
159
47
226
357
20
24
320
162
11
255
991
158
3
206
206
22
162
233
315
127
147
77
124
44
5
271
231
625
193
91
16
30
171
172
621
258
78
77
258
201
29
33
19
423
26
1430
123
90
189
8
156
201
244
164
360
49
85
23
35
182
1903
1133
67
11
2339
17
17
6
1
133
289
32
564
68
214
6
759
646
104
10
15
261
424
142
74
1
7
1
1693
619
49
63
12
2821
74
1
39
223
203
142
1
7
528
258
34
21
219
6
118
4
76
1281
67
126
58
51
197
11
27
597
281
981
4
243
154
549
77
13
174
528
350
608
270
158
337
308
9
83
57
2
34
264
1001
99
54
988
277
304
76
366
74
8
20
77
129
370
84
314
646
1
303
2
99
22
171
1026
31
306
754
212
474
294
48
108
179
563
33
655
10
47
145
58
216
59
6
57
212
11
371
11
11
3
8
61
12
12
13
192
310
372
533
1
211
28
28
6
244
147
108
80
15
346
686
14
1
134
20
36
52
68
54
3
108
148
49
30
117
127
366
51
108
94
33
3
85
36
3
727
28
93
57
110
672
223
13
147
504
25
245
355
144
7
1548
524
79
51
124
958
658
353
410
8
15
411
26
6
644
11
527
108
6
80
18
93
13
428
65
497
21
463
56
27
462
158
3
3
36
193
44
40
80
36
129
11
267
138
194
112
271
30
169
2
54
57
641
2
5
127
116
52
282
91
10
43
320
10
2
31
23
21
31
3
68
1
301
317
2
492
267
25
346
370
52
266
243
48
7
315
182
8
769
780
56
530
123
362
1040
258
68
414
61
350
111
147
1036
108
20
548
1357
27
57
365
57
131
1
101
29
142
135
79
57
2
93
432
48
53
1
1
277
108
132
10
191
857
437
32
55
10
78
45
1
178
26
55
230
27
2417
299
634
28
99
103
227
96
1901
59
1
870
272
42
73
20
54
21
14
94
369
3
143
153
21
10
4
78
202
464
230
37
32
208
68
51
233
55
56
869
308
25
290
60
182
124
78
25
157
8
43
37
20
66
102
43
97
242
11
125
134
97
17
5
44
65
12
339
564
221
244
58
157
227
1255
301
41
25
133
1
5
375
142
33
366
289
3
44
3
284
164
1
33
31
211
109
143
206
460
97
71
16
241
450
386
37
6
6
1668
41
874
33
145
1
63
114
110
315
258
561
114
798
40
14
188
71
240
37
355
25
10
86
55
36
55
254
4
7
28
49
9
1
90
191
157
10
74
25
98
196
21
6
29
1
37
24
100
1538
988
119
5
24
15
101
20
17
13
47
452
18
9
78
28
122
29
62
290
14
313
72
8
5
105
67
2
30
119
304
321
153
33
130
104
2
26
60
5
149
509
98
35
2
1
50
8
68
151
26
204
2
17
158
144
151
10
479
6
93
6
3
96
465
33
64
177
133
4
20
456
45
340
65
312
34
2
5
7
124
52
112
326
66
245
177
18
50
159
17
844
101
23
382
3
195
95
5
3
39
1607
5
20
2011
100
155
1
1
108
1
37
49
1
138
26
1201
12
1
2
64
76
12
6
313
14
21
35
279
128
9
371
218
93
355
5
1351
927
71
483
136
27
17
60
16
26
733
1057
37
20
238
132
320
8
11
102
54
44
83
9
59
1
1
196
56
111
275
1
15
107
13
196
47
322
1242
6
479
1
44
105
80
16
212
66
305
110
80
16
50
340
59
190
306
5
830
348
2
32
1
46
278
4
3
9
60
55
130
4
4
5
103
176
74
42
37
144
180
79
4
21
40
384
176
8
12
101
433
1
30
57
781
1003
195
41
15
83
206
335
33
39
341
50
61
5
24
126
23
551
1
48
94
28
1
408
3
60
364
1109
4
90
59
1
6
3
222
149
109
1
97
31
1
252
26
151
576
9
273
75
9
163
139
2
1
38
113
34
254
5
25
6
261
151
19
47
29
13
49
121
1
1
27
44
66
20
8
11
526
8
89
179
214
35
261
381
1140
1336
1
155
1
382
114
39
52
305
3
84
78
146
97
35
9
369
149
72
77
343
105
64
178
227
8
41
1
221
40
78
363
3
13
184
335
253
99
250
385
1
215
2
83
194
99
187
50
1
5
404
20
88
131
36
537
8
147
58
30
11
17
278
175
36
344
280
5
12
997
124
95
37
115
37
1529
57
5
77
49
904
326
123
1349
169
33
243
4
41
296
5
38
338
606
29
316
198
34
1294
276
783
58
50
6
27
45
43
4
2
34
170
98
7
51
309
1
196
24
9
23
20
31
9
20
2
229
54
141
39
117
69
31
85
190
25
324
47
2
5
92
53
67
813
122
2
67
77
314
126
7
513
10
513
163
18
492
19
118
146
13
17
255
79
37
82
244
51
9
204
243
7
307
82
72
15
4
104
208
106
105
6
114
6
19
98
11
30
509
111
236
277
16
96
40
1
43
31
1
41
201
1
27
287
27
163
46
47
13
235
71
297
44
3
12
2
1
8
67
205
1
269
1
39
79
83
165
36
4879
74
8
57
1
95
6
11
1199
57
655
679
178
302
91
135
2
12
140
294
70
1
232
65
42
1227
3
324
68
17
38
202
204
102
283
170
275
21
31
38
116
373
12
63
783
33
39
21
32
2
82
137
375
9
74
28
19
19
68
86
4
572
84
5
188
331
130
9
29
97
148
20
240
688
49
2
85
100
167
108
2
36
1
79
541
39
32
3
6
56
39
7
25
57
67
14
2
568
3
187
26
1024
72
30
1
45
312
158
30
114
126
19
27
153
94
2
129
192
156
50
65
204
9
19
65
349
272
6
273
26
110
37
15
131
71
9
71
111
148
244
4
23
5
18
11
39
21
104
182
1192
69
56
35
86
171
2
237
1
53
17
193
64
47
74
25
1
48
116
40
70
155
9
14
350
31
391
10
1
35
122
39
619
101
44
16
17
44
15
72
52
139
18
8
7
197
333
75
41
51
31
67
293
147
63
24
21
10
46
3
26
792
1
46
218
200
56
4
54
12
583
52
206
158
257
309
24
78
875
49
141
20
123
164
1
508
51
13
1543
13
160
33
125
8
204
13
299
16
8
174
210
92
54
6
234
101
19
1311
9
54
118
242
61
3
700
53
19
53
24
14
52
3
107
4
86
108
71
11
270
354
97
6
154
52
39
12
87
6
35
10
58
952
305
10
6
27
1
2
103
306
111
50
695
99
3
12
198
565
27
6
56
193
2
40
3
52
59
469
41
76
13
63
14
7
11
1
2535
6
31
30
294
18
791
81
2
3
5
4
7
25
14
5
34
16
2
5
84
3
39
45
158
136
97
42
15
40
56
60
113
60
60
111
668
250
26
7
317
244
16
414
189
95
42
68
1
277
34
1
7
78
246
36
1
63
5
191
161
13
53
21
6
15
70
197
2
14
74
1
1
430
28
86
29
1
115
24
47
23
20
33
2
138
88
1
8
1
173
223
933
53
17
1
105
4
137
1
792
39
187
1
61
183
3
12
199
103
405
738
41
33
30
1
56
21
86
168
1
1
1
24
964
35
173
192
6
412
54
50
75
270
122
12
44
44
122
9
8
142
4
76
321
47
26
21
610
2
8
264
42
69
32
176
122
79
110
2
1
50
81
74
1
426
22
41
27
1
24
14
1
8
81
17
123
33
50
1
34
5
105
351
20
59
1
4
37
11
125
6
93
140
262
17
25
32
84
29
114
119
28
56
116
231
14
31
71
10
9
239
11
41
28
7
525
25
57
6
55
10
32
34
1594
98
70
108
8
117
157
46
23
194
137
18
145
15
127
154
1
37
18
3
11
241
84
26
18
267
47
9
1110
3
332
63
6
24
235
60
147
61
767
117
8
71
145
70
538
1063
286
20
40
1
23
24
1
62
56
249
2
3
6
1
14
78
110
1
18
64
35
412
12
26
11
3
40
36
13
193
100
72
1
194
57
48
2
6
8
11
111
164
24
41
66
44
14
100
22
2133
46
65
149
311
63
474
14
11
1
185
7
127
207
82
151
25
16
101
437
5
122
9
18
237
7
33
2
5
212
159
46
340
582
68
31
3
468
4
2
61
13
6
8
125
30
705
7
31
656
793
41
30
60
74
5
37
1
16
41
6
305
2
1
113
108
309
247
42
2
587
62
19
61
3
2
4
18
78
41
4
99
331
19
12
54
3
27
98
64
60
77
63
5
27
122
21
41
5
571
38
287
29
123
94
290
46
99
20
53
47
521
20
106
1008
1
4
29
65
4
442
158
41
29
19
86
9
39
111
60
682
119
92
172
202
54
20
38
18
28
5
5
116
2
33
16
37
25
13
282
48
5
127
66
44
76
8
112
35
145
82
46
7
74
4
308
74
4
85
259
91
76
1
64
754
47
35
67
602
175
51
16
93
392
26
17
28
47
53
91
11
363
70
90
511
42
126
17
31
34
36
47
33
1
1
7
66
2
392
26
721
72
71
447
35
76
269
29
25
98
29
27
1
162
330
15
4
128
147
129
2
54
36
22
133
4
63
81
1
33
167
36
145
18
2
3
582
114
80
112
315
2
133
402
344
1
118
45
17
205
406
6
21
81
7
152
5
100
87
5
127
127
45
14
53
6
2
2
28
49
1
73
316
208
31
27
113
9
21
2
87
95
58
1
42
30
19
1
37
36
54
3
4
6
222
138
16
20
227
201
138
128
34
18
41
12
103
9
217
28
1
164
9
13
32
5
78
94
20
54
166
7
10
75
32
33
1
4
45
15
34
256
5
89
3
2
1
52
160
1
188
194
4
4
605
691
50
125
290
212
352
5
56
77
146
82
63
19
258
1123
17
14
36
161
372
6
75
11
97
4
2
1
3
33
30
161
243
23
10
127
16
59
645
39
98
286
88
285
66
2
454
11
39
1
115
235
115
1
68
186
114
2
19
216
5
177
72
304
111
62
1
2776
101
11
37
130
175
10
18
8
77
54
6
618
68
50
20
56
161
23
44
25
4
7
35
266
39
28
16
21
28
68
351
48
57
16
2
4
285
4
36
37
14
92
50
88
51
1
48
32
429
13
3
6
21
68
25
34
81
17
80
20
22
32
203
114
82
141
7
154
121
2
58
5
108
4
8
117
54
25
36
71
29
26
1
52
118
30
1
54
3
15
1
107
23
74
60
5
7
25
42
681
34
126
27
47
3
29
76
26
54
8
57
3
54
72
45
4
34
52
1
9
67
3
130
12
26
18
2
78
38
23
287
4
60
202
139
2
27
33
10
73
33
42
2
23
317
236
38
19
4
61
5
30
22
24
9
32
1
103
22
22
40
1
8
1
45
11
211
13
3
1
76
26
429
112
60
26
7
75
13
27
37
1
9
7
307
1
69
8
88
1
27
9
1
1
51
1
6
115
17
34
40
154
127
16
27
4
49
1
237
1
26
35
1
140
152
253
1
1
1
14
61
1
658
2
121
95
3
35
1
17
1
72
6
119
72
40
17
300
33
7
27
61
8
171
368
43
20
27
29
11
146
38
15
2
214
19
15
106
59
71
41
11
32
107
24
1
5
1
63
41
1
1
121
1
35
1
28
133
1
47
14
22
7
1
71
2
1
192
30
97
194
1
2
19
64
93
29
38
1
251
547
207
79
47
9
3
5
2
57
4
92
110
56
22
13
147
11
89
5
60
17
5
46
41
109
2
63
16
3
83
80
39
135
9
41
56
69
40
58
97
110
39
1
118
144
80
27
13
44
26
115
164
1
118
5
5
34
8
8
69
125
1
56
52
1
196
19
45
55
1
18
761
78
46
7
9
61
91
16
3
178
59
66
57
17
27
1
247
46
165
63
33
6
110
92
15
1
24
74
15
87
6
3
43
248
68
178
83
21
128
159
7
23
1
18
92
11
13
142
69
3
56
9
102
3
25
25
1
118
24
30
50
41
2
9
2
91
36
1
22
6
9
24
20
187
28
2
39
7
62
183
49
18
251
61
204
36
28
30
3
17
35
14
37
6
26
17
23
40
9
26
1
16
3
6
21
49
1
8
35
1
18
7
42
916
102
34
90
9
30
31
143
1
82
25
117
138
21
4
4
26
6
154
36
28
178
1
267
134
5
38
22
74
2
22
322
59
79
69
1
469
159
148
77
9
59
88
163
1
25
22
6
484
12
80
1
26
19
14
1
1
75
1
7
1
29
58
4
24
22
31
95
12
8
35
125
36
33
89
10
48
348
15
5
53
10
12
11
1
68
5
2
58
41
476
233
7
63
23
95
48
7
70
16
16
25
4
8
38
93
138
3
49
1
22
5
36
1124
1
1
108
165
30
579
78
39
75
13
35
27
51
136
77
46
27
290
40
338
38
46
37
122
63
188
1
187
229
92
67
4
11
16
6
54
41
9
2
26
25
21
35
14
65
2
11
32
114
3
35
695
398
43
69
3
298
8
10
63
623
353
37
81
12
168
74
32
53
4
1
1
163
5
415
26
152
13
1
871
136
67
13
89
5
21
52
1
45
24
187
2
1
2
36
1
2
90
36
1
1
109
143
26
44
801
7
131
54
1
19
76
38
89
65
12
178
34
13
21
1
111
21
104
164
18
8
1
268
43
26
352
2
12
49
32
201
94
34
29
69
30
3
55
21
1
8
34
483
10
4
22
1
67
6
8
20
19
46
50
2
1
60
22
1
13
15
2
25
21
87
63
1
1
39
301
132
39
119
255
5
20
25
44
55
70
48
137
24
2
134
38
267
611
12
29
215
12
14
124
21
285
13
60
2
19
291
35
33
15
1
41
114
3
83
40
5
40
60
22
45
10
29
89
3
11
21
16
87
58
1
3
13
51
20
55
28
123
136
1
41
8
21
3
105
225
39
102
15
18
93
4
31
276
34
1
35
5
12
3
19
39
18
172
2
94
29
11
154
44
212
12
33
38
9
7
85
1
318
20
23
300
1
1
91
6
222
67
20
538
1
8
126
45
24
190
50
1
1
25
184
18
248
202
110
61
44
1
197
13
5
136
31
1
9
95
202
127
62
34
3
27
84
1
9
106
17
11
39
6
3
14
35
10
53
9
13
242
29
51
187
62
29
65
5
86
61
1
15
1
4
63
9
16
39
22
30
102
4
18
28
22
54
14
45
13
94
5
1
25
10
46
1
11
18
41
30
54
2255
17
264
3
5
1
124
63
77
4
99
3
65
1
16
1
37
44
157
7
84
4
10
5
2
1
38
7
17
18
290
24
18
48
334
5
163
213
3
9
105
5
7
7
585
916
25
212
57
138
73
101
52
61
2
1
2
1
59
1
2
2
1
37
179
77
1
73
217
199
17
15
167
3
40
112
335
47
4
9
7
176
2
88
11
122
3
82
39
8
36
196
37
68
9
9
18
4
7
2
5
14
1
1
129
2
4
1
21
3
48
67
108
27
8
1
1
2
36
33
201
185
4
23
22
1
13
7
1
18
17
23
4
10
14
21
5
74
8
1
12
148
2
62
94
104
37
2
1
148
19
5
35
17
169
2
21
28
6
127
30
244
128
2
2
6
1
31
23
11
27
9
6
11
4
2
33
4
58
69
9
2
32
14
4
5
14
4
14
32
5
2
44
42
86
25
1
723
42
41
14
13
1
11
13
1
1
77
158
9
48
12
83
4
70
78
73
46
25
10
1
71
83
184
8
52
33
46
2
2
7
1
5
64
4
53
63
19
10
9
78
118
16
133
406
25
91
106
35
98
10
9
28
151
385
60
72
67
23
6
264
1
30
46
101
23
28
25
13
9
29
4
25
18
2
18
1
21
4
98
3
24
6
1
39
11
27
160
13
8
49
21
1
7
40
166
63
51
63
46
246
54
23
31
40
20
2
6
2
28
68
53
9
263
2
4
14
467
82
100
26
104
51
235
174
16
87
49
153
5
7
17
43
141
54
14
119
42
13
8
178
15
167
7
14
41
22
14
21
6
42
13
28
163
26
145
5
1
9
48
9
8
20
230
1
1
13
16
15
6
5
14
23
50
2
23
10
1
11
41
112
21
10
54
82
41
2
6
8
47
34
121
23
289
68
87
10
133
34
2
3
34
9
108
7
10
233
119
288
702
50
88
2
17
22
4
99
27
16
2
94
11
147
114
9
7
2
5
41
162
241
34
1
17
58
164
63
55
629
18
46
234
86
43
2
3
1
14
38
11
73
11
46
135
4
17
1
1
1
113
43
474
1
33
140
15
1
181
19
79
34
155
99
83
12
8
284
12
39
24
8
7
35
24
52
5
12
16
73
6
45
65
10
58
1
1570
117
22
24
116
4
60
59
8
112
7
27
13
20
14
8
24
4
165
86
101
16
5
7
15
225
230
71
102
28
1
18
13
23
111
64
4
51
72
2
2
11
57
21
20
58
100
31
3
1
170
6
1
116
4
1332
3
1
4
1
214
20
1
6
10
1
19
73
10
15
11
3
13
25
21
34
76
22
27
24
2
24
27
2
1
2
10
24
17
12
6
18
7
4
30
2
518
2
9
19
24
1
5
195
1
26
206
1
3
24
3
4
964
6
10
38
51
10
4
35
47
29
21
57
36
11
49
145
605
7
31
23
15
36
14
103
5
1
4
9
3
26
3
11
34
1
12
13
13
159
1
45
60
706
3
26
150
34
4
1
13
6
4
9
155
7
388
74
1
7
1
4
1
16
1
3
832
67
18
13
11
9
25
21
1
24
8
7
3
76
63
12
75
12
10
45
11
1
8
2
150
53
41
1083
92
4
3
10
25
15
31
37
12
1
35
1
1
3
1
89
7
1
3
12
1
1
159
4
101
12
2
168
37
47
6
12
61
36
1
37
11
15
3
21
36
201
125
82
1
5
15
257
52
6
3
6
139
297
2
12
27
4
2
21
59
87
4
2
20
90
17
5
50
161
2
8
24
6
1
6
71
48
9
206
21
24
24
17
1
1
11
61
120
95
3
2
2
1
9
22
17
4
27
3
70
36
5
39
49
4
55
261
69
4
20
245
4
116
278
16
39
31
20
31
7
34
168
146
24
12
190
1
43
12
16
10
24
10
6
12
9
11
7
22
3
12
93
383
89
14
5
1
30
87
311
21
23
16
30
104
1
90
47
74
22
19
25
1
50
32
3
58
15
151
24
20
76
7
9
1130
11
8
46
2
264
2
1
38
1
1
16
2
1
121
55
4
1
1
1
159
19
1475
1
49
36
2
4
8
17
55
26
1
10
10
3
1
1
6
72
2
9
25
2
85
15
59
4
3
15
122
264
32
1
3
4
15
99
79
11
11
80
92
2
21
15
38
34
5
9
7
18
34
44
6
19
1
1
1
32
56
182
16
1
39
70
9
1
3
4
205
1
24
1
489
2
37
7
10
15
11
2
9
10
51
63
45
1
71
12
129
1
17
78
28
62
26
23
1
51
23
146
139
5
31
5
18
7
8
113
13
7
15
2
141
13
78
152
77
7
3
66
23
98
29
2
66
35
8
32
2
26
8
186
4
76
43
194
4
1
6
40
26
101
23
27
1
30
23
116
14
24
7
15
429
6
55
9
2
127
55
17
20
39
4
13
98
1
10
2
15
2
36
2
2
10
2
10
44
2
11
1
13
24
1
2
1
168
81
7
127
1
8
148
9
5
108
1
42
1
51
33
2
76
47
18
6
9
25
3
3
7
20
3
2
2
4
33
39
5
29
28
9
1
17
2
5
9
1
57
15
5
1
9
151
3
54
5
29
5
56
5
20
1
31
6
53
15
629
6
7
32
19
289
73
9
103
19
2
10
2
9
25
5
5
14
50
1
2
7
8
18
2
3
16
63
31
8
113
7
100
25
3
1
12
7
36
5
4
41
18
7
33
18
30
47
4
14
2
19
45
15
34
153
34
3
2
126
238
12
27
10
3
25
3
18
2
108
5
36
13
1
1
38
1
7
8
1
36
7
7
3
2
14
40
19
23
85
1
8
15
3
253
1
68
15
53
2
1
62
45
144
41
103
2
354
18
16
2
94
191
1
3
42
2
1
20
13
29
77
20
12
10
3
20
13
139
109
5
8
11
14
30
6
92
216
116
18
298
236
11
78
67
133
351
7
21
1
14
494
2577
288
53
25
214
76
1
11
2
29
8
12
7
23
177
198
12
28
36
231
31
388
274
129
1
1
1
174
60
9
98
76
5
7
12
14
1
26
3
61
1
27
63
7
1
1
17
5
28
67
70
9
100
1
42
56
1
1
31
2
5
553
65
25
7
70
65
7
17
73
17
15
12
2
1
1
70
317
1
38
6
47
28
2
1
31
17
48
31
3
1
1
1
3
43
1
34
1
1
3
1
1
1
1
1
34
1
2
1
2
7
47
27
549
6
177
14
19
3
17
7
10
17
9
1
17
41
7
93
25
9
6
17
21
12
99
6
42
20
323
14
3
3
12
1
2
23
2
3
4
10
23
7
1
40
2
9
69
59
13
21
10
34
13
40
48
13
42
8
1
4
84
6
90
45
71
4
364
5
4
57
54
1
1
3
19
1
1
19
55
20
5
15
47
15
48
14
71
18
25
23
37
62
9
4
34
8
38
182
1
1
44
45
54
38
32
15
4
1
2
15
32
13
2
14
8
2
13
28
96
2
27
4
8
23
15
3
6
1
30
15
23
7
9
62
223
69
1
72
271
8
16
8
46
4
58
16
9
3
19
23
122
1
32
1
14
44
77
13
10
16
6
1
17
1
4
40
41
16
70
22
23
24
38
14
30
50
2
4
38
12
1
64
44
92
27
1
92
2
111
1
48
3
11
1
22
8
6
53
373
79
41
61
4
1
1
1
22
117
17
66
23
25
55
71
117
52
1
2
15
4
3
48
263
2
27
10
36
11
5
1
49
11
11
9
7
2
15
117
9
4
4
1
19
32
15
66
1
14
12
23
30
1
28
5
7
37
1
1
13
1
21
1
63
1
27
4
47
28
28
6
12
1
5
8
108
91
22
5
122
22
20
52
12
35
38
1
40
85
84
146
19
22
2
93
1
10
21
1
3
1
2
1
1
2
63
2
2
13
12
31
7
36
44
1
35
25
19
11
4
98
44
4
15
1
1
23
1
3
16
27
11
38
44
46
2
29
17
8
20
13
6
1
5
19
2
37
1
5
11
12
12
23
2
1
45
5
9
17
1
23
1
1
3
1
4
7
3
1
3
1
1
1
1
43
6
1
1
2
31
3
13
1
190
141
23
16
20
2
1
2
2
295
21
28
18
3
6
235
17
14
4
35
7
65
6
8
47
1
62
14
27
32
29
159
31
14
6
94
4
23
55
32
5
1
37
240
11
7
139
3
7
39
53
2
4
1
4
21
2
7
42
10
13
3
5
1
1
5
2
2
4
14
32
19
12
20
24
58
438
41
3
34
1
225
16
2
1
36
11
22
3
1
27
1
1
20
12
19
5
37
4
1
4
30
15
1
1
18
51
5
13
6
8
2
62
16
1
21
1
360
14
48
156
1
15
15
8
21
106
25
5
2
18
12
5
1
1
2
233
2
37
19
12
79
8
6
89
1
3
115
10
8
104
9
18
31
12
5
5
56
5
19
19
26
46
113
12
5
27
5
60
254
5
111
2
4
8
3
34
10
21
62
19
14
49
1
24
90
3
1
17
15
15
2
12
21
16
8
35
1
20
3
1
12
18
1
1
45
23
158
3
16
1
20
1
2
16
5
55
7
6
203
20
6
17
15
21
16
1
9
1
26
314
4
5
6
18
6
30
23
6
4
1
38
6
29
1
1
1
9
4
6
5
255
20
50
16
23
32
51
37
104
25
46
20
13
14
11
18
120
9
3
78
13
60
6
16
12
315
27
8
1
7
24
58
52
33
4
38
73
23
88
12
10
3
1
4
53
8
21
16
32
3
1
6
1
9
15
49
5
1
37
2
57
3
58
3
39
56
1
6
2
2
33
27
1
5
4
1
3
8
2
10
4
15
169
57
227
13
16
8
10
217
6
38
31
30
81
9
3
47
17
1
3
10
11
22
66
4
3
32
4
4
8
7
37
1
195
19
2
8
36
19
5
18
12
2
1
3
44
2
8
23
8
15
14
18
1
4
1
54
21
46
47
11
8
13
39
1
9
28
32
213
163
1
1
104
28
14
5
1
11
79
1
2
13
213
3
11
21
3
18
19
5
9
33
5
18
12
11
43
20
18
3
1
31
36
35
17
22
6
36
19
13
13
13
24
7
4
1
22
109
16
8
21
1
90
4
1
73
4
166
29
23
21
118
12
44
15
74
13
2
29
134
348
36
17
1
11
34
10
3
3
5
1
32
13
39
18
41
294
29
1
1
63
31
10
175
42
11
4
2
107
137
8
8
25
95
54
89
196
25
3
148
39
1
31
20
14
30
17
1
57
30
29
56
47
1
14
23
4
1
16
2
35
1
19
1
2
19
1
7
24
131
1
8
5
7
6
1
35
31
53
4
4
19
5
20
11
5
2
4
11
34
133
1
1
38
2
20
16
9
23
7
4
61
3
56
7
2
1
34
11
14
5
39
1
14
49
20
2
1
9
30
6
31
7
20
127
27
13
25
33
7
48
68
8
5
6
17
26
5
215
7
31
1
24
23
12
42
20
2
22
36
144
4
15
12
55
7
24
3
11
14
29
148
1
12
59
25
10
2
1
15
61
44
3
11
45
21
1
28
2
46
9
7
14
11
121
11
47
109
2
50
21
86
6
4
2
21
9
73
7
195
130
3
64
119
26
11
9
9
2
76
4
6
4
4
1
21
16
9
1
59
1
2
3
7
28
178
10
1
13
43
1
3
6
1
44
101
15
9
11
1
1
12
10
11
3
1
4
90
1
3
8
3
54
2
30
3
11
49
78
1
6
42
30
3
121
11
1
18
40
9
14
4
38
1
24
19
2
9
19
2
2
8
12
169
57
27
19
10
23
3
1
3
7
55
28
19
2
3
46
8
1
28
3
5
2
2
6
17
10
14
30
1
45
1
1
2
1
20
21
18
1
25
4
72
3
18
4
15
137
6
27
1
4
9
3
155
13
45
37
5
8
8
57
10
103
328
3
55
22
743
8
6
6
30
1
11
1
1
14
23
26
24
13
21
20
11
3
21
12
5
37
143
6
36
3
9
13
34
12
1
1
18
5
54
24
9
5
1
3
1
1
7
4
23
214
2
37
41
53
14
3
72
1
6
1
42
44
55
10
11
17
11
1
4
225
6
25
6
24
41
285
9
1
22
40
1
2
8
21
22
9
4
5
6
2
1
90
114
1
4
24
1
5
105
26
39
9
27
5
7
20
8
55
1
4
2
15
1
1
6
22
3
44
6
4
13
33
1
34
2
1
6
31
38
17
12
36
29
1
18
37
30
9
950
100
33
28
21
10
54
7
52
5
7
22
3
2
6
35
41
1
46
1
12
12
7
33
26
7
20
11
3
11
6
17
4
41
21
7
1
32
19
62
4
1
56
12
3
11
46
2
10
23
39
4
59
1
88
9
1
11
10
31
15
144
36
1
16
11
4
6
27
32
1
16
2
1
25
2
12
3
32
188
50
2
9
43
50
8
69
3
15
2
46
17
11
21
25
112
2
27
15
1
1
8
29
16
1
5
7
11
16
30
1
5
5
12
16
10
2
89
2
13
6
1
21
11
2
1
1
3
155
30
1
1
1
32
4
58
15
35
24
5
27
116
73
33
33
21
26
2
1
5
59
93
3
90
10
33
21
47
2
80
1
1
52
111
1
59
3
1
12
2
1
19
48
7
1
1
2
1
58
8
1
36
6
44
12
51
1
37
13
2
1
6
23
4
1
13
23
1
4
19
3
7
34
44
89
7
1
30
150
63
16
63
65
1
24
9
31
1
50
1
34
2
2
16
7
1
20
1
8
12
2
16
7
3
28
1
95
27
24
25
21
20
1
30
26
7
1
26
6
10
11
2
2
1
1
6
17
11
20
6
47
9
1
7
4
6
8
93
11
9
19
166
8
1
27
41
4
1
4
139
5
7
45
7
2
1
17
43
16
30
27
3
5
2
4
392
12
29
1
24
1
46
2
1
4
1
3
16
4
4
23
7
29
2
1
8
28
17
12
3
8
124
3
1
1
13
9
1
17
19
1
27
21
1
1
2
1
51
11
8
1
27
4
8
11
33
4
8
1
23
6
6
66
1
119
75
10
11
1
1
7
1
102
1
31
1
37
1
1
5
24
1
1
1
62
7
27
4
47
1
44
56
7
5
18
80
30
6
80
136
9
2
1
4
8
8
4
1
2
7
1
3
6
13
40
3
9
28
12
10
43
3
12
25
14
60
114
25
6
4
46
2
2
2
21
2
20
51
11
5
1
26
1
20
12
50
10
35
2
17
19
32
25
3
3
10
1
19
4
13
7
47
3
7
5
63
91
51
21
7
2
30
12
48
1
2
7
11
35
8
24
8
3
10
25
35
105
1
38
15
9
7
12
34
24
2
23
10
1
45
12
18
3
1
29
3
41
14
18
9
14
2
1
88
3
28
24
1
1
2
29
12
3
12
28
5
9
11
48
1
1
25
9
7
12
1
16
6
1
3
13
25
1
1
17
1
1
77
14
1
27
2
18
8
1
101
5
23
1
1
49
148
28
4
5
14
27
1
14
1
18
9
26
35
1
161
2
37
19
8
1
17
1
7
1
11
38
7
26
7
3
18
61
141
18
4
4
5
73
93
59
24
59
2
12
2
57
2
5
7
6
4
125
26
56
8
2
1
1
5
5
5
1
1
5
168
36
20
20
19
5
22
17
2
1
58
1
1
1
6
65
4
3
1
12
7
19
119
260
7
9
13
16
1
2
36
43
254
5
137
176
25
4
64
6
61
5
77
40
2
53
2
17
18
65
18
7
12
1
8
1
7
2
5
45
10
9
5
15
25
8
1
35
8
8
39
12
7
24
4
4
1
4
515
27
30
107
46
6
3
2
991
6
1
83
6
3
61
1
45
1
1
8
10
21
3
16
49
13
1
1
36
2
25
15
19
5
35
82
111
46
1
1
1
5
247
31
5
1
9
28
1
41
14
8
16
1
41
34
21
2
103
20
10
1
1
3
2
22
21
13
10
9
39
7
20
8
11
12
2
1
2
5
6
19
13
69
100
1
18
12
30
3
1
1
10
4
9
1
1
22
1
39
128
13
13
5
14
6
13
12
19
24
1
5
2
114
5
28
126
2
7
3
16
66
5
1
17
3
67
7
8
44
4
63
30
11
3
33
33
7
26
19
26
6
6
19
4
1
25
1
1
90
8
2
3
1
34
1
1
8
2
33
1
106
1
78
2
1
1
2
36
6
22
20
1
25
21
10
10
73
2
27
12
3
1
14
39
46
267
73
62
30
156
15
1
65
20
5
8
10
1
15
107
1
13
12
1
22
17
1
39
42
24
1
1
1
1
5
3
23
5
3
71
1
10
12
52
3
10
1
47
20
21
106
2
77
1
25
1
7
5
3
1
7
180
5
43
1
1
19
71
11
1
12
10
37
5
51
18
10
3
1
86
5
4
46
1
44
7
14
2
25
6
1
3
35
231
31
19
73
5
1
5
4
64
13
21
4
6
5
14
1
3
33
7
1
12
27
4
23
5
4
39
1
7
47
2
173
12
2
99
29
24
8
4
1
7
2
8
2
2
5
31
1
1
81
3
4
1
38
7
42
21
3
2
1
6
5
23
33
1
115
55
9
4
27
20
1
1
51
3
15
65
9
40
8
43
1
26
35
18
15
32
7
46
8
17
1
1
1
1
155
11
72
2
161
1
5
2
7
10
54
19
3
7
4
41
103
3
2
24
5
4
1
1
36
8
20
5
13
302
4
31
25
9
64
17
27
61
32
10
11
13
21
1
6
9
23
65
3
55
49
28
4
2
7
3
23
3
3
5
44
25
4
9
1
17
14
14
8
23
14
2
10
10
1
4
18
4
1
6
4
2
8
2
4
25
6
3
60
2
3
7
2
1
9
125
3
5
19
77
11
1
2
19
3
3
14
3
1
17
11
2
34
1
1
1
10
1
7
2
1
1
10
58
1
35
7
43
49
1
3
28
46
4
3
14
12
14
12
1
4
1
2
1
3
7
1
4
4
1
3
26
1
9
44
19
2
1
9
140
30
13
39
24
26
4
42
3
157
76
7
1
40
1
1
3
1
34
9
16
2
8
3
12
4
2
41
1
8
22
3
1
1
91
2
2
2
86
1
28
18
5
7
4
1
35
3
33
58
1
78
32
11
1
57
1
102
8
29
1
33
19
2
3
3
1
4
2
2
11
1
1
22
16
1
22
3
96
175
2
1
4
2
1
18
34
6
1
3
3
31
9
1
6
1
23
36
3
60
92
8
2
2
12
22
3
5
4
1
49
9
9
6
103
7
21
7
1
24
7
15
17
8
21
15
33
5
1
3
2
8
1
15
15
1
10
7
100
97
3
1
1
1
2
2
1
34
18
2
8
46
11
45
14
3
1
14
6
7
25
55
6
2
1
1
15
7
34
21
4
4
28
4
1
9
2
11
8
1
2
19
2
1
32
29
33
20
46
5
15
75
3
21
136
3
15
201
16
8
3
60
3
12
2
4
3
1
186
10
42
3
31
4
20
15
50
23
35
1
33
23
13
3
10
8
8
28
18
6
21
17
6
55
8
18
26
5
2
14
6
6
26
1
19
1
1
5
5
14
25
8
9
2
2
3
11
2
4
1
89
69
6
3
37
51
3
10
24
2
1
15
51
1
2
2
1
2
12
2
20
12
49
46
5
17
74
2
1
35
5
8
44
8
106
6
2
5
1
1
76
13
2
8
9
12
1
86
29
4
281
10
68
6
2
2
24
55
1
7
6
1
2
28
1
10
4
2
8
1
1
1
4
26
2
83
27
1
2
29
1
1
15
75
35
15
11
73
8
6
1
6
8
12
8
4
10
12
1
1
2
19
30
1
24
1
11
31
10
51
21
1
1
1
19
4
30
2
22
48
13
72
45
72
43
65
1
1
36
13
302
12
1
123
6
5
8
14
26
4
44
1
5
23
1
1
5
2
10
40
33
1
12
2
2
11
4
9
9
12
21
2
25
11
14
40
33
41
15
6
2
6
2
1
22
7
8
30
1
3
20
6
6
23
7
3
10
30
2
57
13
61
1
6
18
13
7
21
2
14
13
15
1
1
9
23
45
7
3
18
2
1
2
31
3
43
14
1
36
1
5
13
1
11
43
13
4
6
6
20
3
2
1
2
25
41
4
1
3
2
7
3
1
1
1
5
27
10
1
1
1
3
6
5
1
4
29
17
2
48
9
3
1
2
44
10
245
3
7
38
1
1
2
2
1
2
11
13
3
241
18
15
10
38
2
4
1
1
23
2
2
16
19
30
18
1
1
1
1
1
2
11
10
1
200
1
2
8
133
48
15
2
39
7
16
8
38
1
37
2
2
43
21
39
8
6
3
1
130
17
83
1
12
17
108
1
7
9
18
1
2
15
8
18
10
2
13
2
2
19
108
16
7
14
17
2
2
1
9
2
7
6
2
47
3
1
22
1
19
40
45
18
11
6
3
22
2
10
51
26
1
65
4
2
1
9
11
80
7
11
1
1
12
1
2
65
32
1
17
9
1
1
7
107
4
2
6
1
4
7
39
6
1
8
9
1
99
20
112
7
3
42
2
7
1
18
1
40
1
75
5
61
9
3
1
2
4
26
4
4
56
90
3
2
1
13
3
32
19
8
2
16
6
8
9
98
6
1
4
1
1
34
6
1
6
1
1
28
8
4
5
5
4
1
3
46
18
15
52
25
23
6
2
21
1
24
9
4
7
1
9
59
9
15
8
17
1
1
1
8
1
5
13
5
38
16
3
20
26
2
1
3
3
2
10
6
75
52
2
9
52
11
3
4
17
52
103
6
5
14
1
20
1
1
12
6
4
4
5
18
5
1
3
10
2
6
33
6
6
38
3
38
4
17
9
69
20
2
1
2
1
48
1
2
1
1
5
2
1
62
1
17
2
1
1
1
11
37
4
1
6
9
1
1
1
2
6
1
2
58
2
1
14
10
21
108
29
13
22
8
29
1
22
14
2
4
39
6
29
2
1
9
6
38
1
29
1
1
1
10
8
2
2
4
28
25
42
2
2
7
37
1
3
1
11
30
5
8
1
77
72
27
1
1
26
1
85
18
1
8
3
1
11
22
1
1
65
25
22
5
3
6
3
1
9
8
4
3
1
22
4
22
25
16
6
11
2
9
1
1
159
1
5
13
198
54
69
24
1
1
16
1
16
2
3
15
2
9
1
17
54
3
1
7
9
8
6
13
5
19
7
4
2
4
25
38
152
21
1
25
24
2
6
1
1
18
1
1
32
247
4
27
39
21
20
38
1
20
13
2
3
1
1
2
3
24
43
4
6
1
4
7
4
7
23
30
5
8
8
1
14
11
7
23
41
23
14
11
37
10
2
2
14
8
7
1
1
1
106
2
18
15
25
3
7
45
6
1
7
30
1
1
10
12
5
20
8
1
2
1
1
1
1
6
1
1
1
1
14
12
1
32
22
19
11
15
2
3
4
2
11
29
2
5
1
1
10
1
2
2
2
27
44
1
1
3
26
7
128
1
7
70
1
71
1
1
2
2
3
6
1
1
1
120
1
53
1
1
1
77
150
8
82
3
7
33
4
1
4
24
14
6
12
4
1
1
42
1
29
1
27
26
22
1
1
12
4
2
4
100
3
2
27
14
2
1
230
13
1
5
37
52
13
29
1
8
64
5
1
1
6
2
4
42
32
28
1
3
9
1
9
1
1
33
16
69
3
6
6
67
4
7
15
15
2
1
9
16
21
25
8
180
19
1
7
5
1
1
15
3
2
31
15
14
4
2
1
9
79
1
4
24
39
28
1
1
18
76
62
1
1
2
2
19
1
1
1
9
9
1
1
1
37
2
26
19
1
4
6
18
3
9
24
13
5
108
1
18
15
5
7
61
82
1
48
1
17
6
1
11
1
6
1
1
3
3
10
14
11
48
5
82
22
3
7
31
62
30
1
82
4
1
4
11
1
2
1
13
5
31
1
14
1
1
3
1
1
1
1
27
85
6
22
2
69
1
1
14
7
18
14
10
2
12
7
1
234
1
82
19
9
3
3
8
2
33
1
4
1
21
9
5
2
12
20
1
107
1
4
105
95
31
18
5
19
2
14
63
1
14
8
20
13
7
1
8
13
4
4
2
18
3
6
3
11
1
41
16
19
7
20
24
31
44
15
75
1
24
2
41
48
5
12
18
80
13
1
1
56
20
10
6
7
3
21
22
7
2
11
9
5
17
1
2
1
21
10
14
9
7
8
178
14
1
1
4
2
123
5
7
14
13
161
17
1
2
4
1
4
6
255
25
12
10
1
27
20
13
1
1
1
1
3
21
1
2
1
3
2
57
1
1
3
30
36
53
9
7
9
2
10
38
15
19
1
82
14
82
2
1
26
9
1
52
5
20
1
1
1
24
3
3
5
2
2
1
9
2
37
35
38
2
4
2
2
2
2
9
7
2
4
10
1
1
1
1
4
38
1
13
5
21
1
28
1
5
3
1
3
21
5
4
1
11
21
1
2
52
4
10
1
29
1
91
3
16
6
7
14
32
7
17
20
2
4
5
1
24
5
18
1
8
4
27
8
1
21
7
1
1
2
26
9
1
10
57
23
41
217
5
107
1
1
7
6
15
9
86
1
1
23
8
1
8
4
9
6
54
7
2
59
2
12
9
6
2
119
11
17
10
80
37
4
29
9
9
17
3
6
73
12
4
1
4
19
7
5
40
1
9
13
25
2
1
2
5
20
1
31
1
6
13
6
2
11
1
4
6
8
4
4
1
10
4
53
1
9
11
1
12
13
8
4
113
1
1
10
8
2
1
8
36
22
1
2
34
34
1
2
1
16
1
3
8
6
18
11
10
1
1
70
10
8
1
21
15
3
7
34
11
1
26
3
1
6
3
2
143
4
47
6
9
1
18
3
41
4
3
68
44
11
17
2
13
3
9
38
11
22
1
3
20
4
2
13
1
2
96
3
1
2
1
2
7
3
2
7
40
1
2
5
2
2
3
2
32
7
1
40
18
4
22
28
11
13
10
4
72
20
5
5
23
1
68
1
14
1
6
7
4
33
8
17
11
8
24
54
49
74
12
27
17
31
18
1
8
2
9
17
25
1
3
20
7
17
466
3
16
5
6
7
3
7
6
1
15
2
14
6
15
1
1
1
1
13
3
69
1
1
1
1
1
1
7
86
17
4
11
1
3
55
5
1
4
5
1
37
6
2
3
10
6
5
4
15
4
1
3
3
7
2
1
2
1
7
8
36
26
3
18
33
1
1
1
8
1
52
5
4
1
2
1
4
4
5
3
10
3
5
1
25
46
14
22
20
2
35
12
4
8
13
12
1
72
56
5
16
5
1
4
1
11
24
3
1
16
13
1
17
18
1
1
7
1
74
1
4
129
5
13
7
21
1
6
1
23
2
1
1
27
1
4
2
2
9
23
2
5
1
1
2
1
16
18
2
16
1
2
1
1
1
29
19
15
7
3
85
2
8
9
37
78
1
18
1
2
7
1
1
1
2
3
52
1
1
1
8
3
1
11
4
4
1
5
3
1
3
7
14
8
2
1
21
108
55
14
16
1
1
5
8
74
5
26
7
23
1
4
4
4
6
6
7
5
9
7
3
1
1
8
3
14
38
4
3
15
19
40
5
20
5
33
1
9
2
23
3
9
4
15
2
3
5
1
1
1
1
5
30
13
10
4
14
4
7
6
19
2
5
2
3
12
13
47
2
14
7
6
13
5
7
6
11
19
2
4
1
10
2
19
25
8
3
15
3
34
2
25
6
1
58
24
41
1
3
1
1
3
16
6
10
1
1
5
50
2
4
5
1
5
1
3
3
2
1
45
20
3
23
32
2
15
2
3
2
17
1
31
2
1
5
1
16
12
2
1
2
2
12
7
9
7
2
1
32
2
2
3
93
11
1
1
39
2
6
3
7
1
4
1
1
1
6
20
57
4
22
18
1
2
8
4
15
24
7
2
54
9
4
2
23
27
5
1
56
10
1
12
11
3
4
42
10
7
4
1
10
14
1
1
1
1
6
5
31
36
6
2
11
6
7
3
1
2
15
1
1
16
67
2
46
11
10
1
2
15
2
12
11
32
9
11
2
55
8
34
3
323
15
8
7
1
10
1
6
36
18
5
1
53
2
2
10
89
22
4
23
1
9
6
22
7
3
25
9
2
14
1
15
129
10
1
41
15
51
17
43
7
1
1
22
7
5
1
4
1
13
1
1
1
17
170
10
12
1
7
115
1
5
4
32
2
14
1
16
2
7
2
3
6
43
23
7
2
10
3
85
5
8
2
4
31
4
7
26
1
9
3
20
5
7
1
18
2
7
8
24
28
6
42
6
13
4
7
1
1
1
4
3
2
2
22
6
2
88
13
4
1
35
31
2
2
4
17
10
10
13
30
1
2
46
21
2
7
2
1
13
1
13
18
1
9
2
21
29
3
2
2
1
1
1
38
38
5
1
4
33
36
8
28
2
6
1
8
1
1
1
28
1
38
27
10
1
5
1
4
47
11
1
4
1
6
22
2
5
4
2
10
4
2
35
16
1
1
2
1
54
40
17
93
20
70
18
29
2
3
19
1
11
17
7
17
6
11
1
2
169
10
2
28
10
1
1
8
8
3
1
5
11
3
3
8
4
1
5
3
7
1
6
4
2
1
2
1
2
1
4
3
88
4
1
4
1
1
7
1
2
9
3
11
1
10
3
17
8
18
18
2
13
3
20
26
3
163
70
81
2
2
1
23
1
12
17
46
2
12
3
24
1
6
8
2
20
26
18
1
3
1
1
1
5
14
10
1
1
4
4
10
8
5
7
3
15
22
6
8
6
1
2
19
9
83
73
16
31
3
17
15
18
6
1
13
1
28
7
15
6
11
6
3
17
8
28
1
20
27
9
2
1
4
67
19
8
6
11
1
13
27
1
17
14
27
21
2
130
18
1
5
5
12
6
6
38
83
1
1
1
2
7
1
1
1
12
2
2
3
1
2
5
9
13
25
10
5
3
5
16
8
23
1
6
6
27
7
3
3
10
2
6
28
11
6
12
5
16
1
11
4
22
1
7
3
21
1
9
1
1
1
1
72
4
3
2
6
34
25
1
7
2
2
1
5
16
10
3
12
16
16
1
1
42
1
12
64
1
7
41
8
24
177
8
28
36
4
7
1
1
12
1
9
2
1
2
8
11
9
7
76
6
2
7
1
10
6
1
2
9
1
1
2
1
1
1
1191
1
3
23
6
11
20
1
21
11
9
13
2
2
3
9
23
25
4
5
1
1
1
25
4
2
1
89
9
34
2
7
4
1
108
13
1
1
1
14
1
6
44
20
14
3
2
3
15
1
5
2
16
115
105
2
2
8
11
17
1
4
4
3
77
4
1
1
1
1
33
99
1
4
1
2
1
1
20
5
4
1
1
5
11
59
4
4
1
1
1
83
9
1
1
24
26
1
3
8
2
24
7
5
258
5
8
13
2
1
6
15
11
108
11
6
28
8
13
1
7
13
3
2
20
75
1
13
1
39
10
2
3
30
9
79
1
4
208
3
3
25
11
11
3
3
1
5
13
5
4
1
5
2
4
14
2
1
2
19
21
39
1
4
7
7
1
3
1
1
21
20
7
2
47
46
22
1
5
4
1
14
1
23
7
21
24
1
3
24
2
4
1
31
1
10
17
27
1
141
4
9
7
8
2
10
32
8
8
116
26
114
1
1
4
1
2
5
3
9
23
4
1
1
9
19
2
20
115
2
2
35
1
1
1
2
1
26
1
17
13
46
5
36
23
7
1
1
10
5
4
9
38
6
14
44
26
1
18
4
32
1
7
1
3
5
14
1
2
6
2
4
3
6
10
10
37
5
28
6
7
11
10
4
5
28
41
2
7
3
29
5
9
1
4
1
1
6
25
1
8
7
12
17
66
26
9
1
2
30
4
3
19
9
1
7
2
2
2
1
11
23
1
28
22
17
63
43
4
11
11
43
4
20
3
6
14
15
3
13
1
1
16
1
8
68
19
8
31
2
1
3
1
7
3
2
6
17
46
16
7
48
55
3
1
1
2
2
1
8
7
1
8
4
12
2
1
26
2
4
1
3
2
4
18
9
2
31
12
29
6
12
9
2
6
13
3
5
26
1
2
6
9
19
327
3
2
73
2
22
3
2
10
5
74
39
10
2
6
2
6
43
4
1
20
2
20
1
1
70
7
44
12
59
12
6
1
2
1
20
3
1
1
4
34
37
2
1
1
49
2
2
1
2
57
1
9
3
1
13
17
65
16
43
5
21
47
13
28
6
55
20
2
40
20
19
4
8
1
7
49
1
154
14
11
10
2
1
2
18
55
5
13
19
13
9
2
11
25
6
2
6
12
41
1
1
1
14
10
1
1
1
1
7
1
15
3
1
1
1
1
5
5
6
5
16
15
14
11
66
4
24
4
1
2
12
8
11
11
7
1
15
3
640
3
3
2
12
313
1
44
1
1
6
3
13
29
1
2
1
1
3
1
41
5
4
1
11
62
15
8
45
4
38
38
13
3
1
1
7
26
25
1
3
3
4
1
24
19
9
3
39
1
13
8
9
4
11
1
9
28
3
2
34
12
6
38
4
2
1
2
1
11
46
32
5
1
1
17
5
5
2
5
1
1
8
2
1
4
4
2
5
13
1
1
21
11
3
3
28
26
1
1
6
1
5
6
1
1
3
2
13
13
4
5
8
1
81
5
6
7
2
5
1
37
20
40
8
72
105
1
1
3
12
1
6
2
3
22
12
25
12
15
13
1
38
44
1
5
1
7
4
60
2
123
17
19
5
6
9
37
6
1
13
13
1
16
41
48
1
4
6
3
12
13
1
63
18
4
1
15
1
1
1
8
17
16
11
34
1
4
21
4
15
1
2
17
27
3
1
15
1
1
1
9
13
5
1
3
1
6
2
18
3
19
1
1
41
1
27
2
22
27
10
5
53
3
1
1
35
6
3
63
3
19
1
17
2
4
1
1
17
4
4
1
1
6
7
3
1
14
3
15
3
10
2
1
47
7
4
14
67
1
2
3
1
1
48
3
4
37
5
4
2
5
27
6
9
2
19
7
32
24
2
4
4
28
31
12
23
10
1
7
3
3
38
1
13
12
4
1
2
7
2
8
1
12
25
3
6
40
7
1
2
2
12
2
1
1
9
3
25
19
3
22
3
1
6
8
20
21
1
1
1
67
1
4
7
57
2
1
35
4
1
5
1
11
8
2
1
20
2
2
5
1
3
1
2
4
25
8
5
12
5
2
39
5
38
14
10
3
13
1
3
8
30
876
21
2
2
18
3
1
1
2
1
4
97
20
1
16
1
20
14
4
10
5
1
4
22
10
1
2
22
1
5
2
6
10
1
13
19
7
8
5
27
8
16
3
7
8
1
17
2
1
1
14
1
8
1
4
2
6
1
18
14
16
8
21
1
6
3
30
1
1
1
1
1
1
14
2
1
1
1
1
1
1
26
2
1
2
2
8
3
2
2
3
2
1
29
1
1
13
21
27
5
1
1
9
9
1
1
1
10
11
1
3
1
270
1
50
9
2
1
1
1
32
60
1
5
26
3
32
6
1
1
18
2
1
1
2
4
13
6
22
2
1
5
1
29
16
9
8
15
1
1
3
1
24
5
8
3
1
4
6
4
1
1
3
3
1
3
11
73
61
3
3
40
15
5
2
96
4
2
1
5
2
5
3
9
14
135
4
1
11
1
18
1
3
1
5
6
1
7
6
2
1
6
4
1
6
20
1
29
4
35
19
22
1
6
8
1
43
2
1
2
3
1
14
1
21
1
8
3
4
1
7
3
1
2
20
4
7
1
10
2
1
1
2
5
3
9
12
21
14
27
16
1
5
14
7
1
1
7
18
3
12
2
5
5
1
2
1
2
29
6
1
1
1
17
9
34
14
2
3
1
2
13
6
26
32
132
21
9
11
2
2
20
14
35
17
1
7
3
2
2
3
45
25
2
3
4
1
1
1
1
1
1
1
2
18
1
7
29
13
1
2
1
46
1
4
1
35
3
1
3
3
10
1
7
16
52
1
1
26
5
7
1
10
1
3
4
4
9
2
7
3
109
3
5
6
2
1
2
48
4
3
4
46
33
23
6
7
105
23
1
8
19
5
21
19
38
3
45
3
1
6
25
1
1
8
2
3
36
5
18
19
2
1
3
1
7
3
9
12
3
6
1
128
1
1
1
16
42
71
43
7
14
2
10
35
16
18
37
47
3
2
15
3
1
6
9
42
3
9
13
1
1
1
24
1
3
1
1
2
5
2
15
1
1
3
3
4
5
14
4
129
12
15
1
17
25
2
21
1
27
2
1
8
17
4
12
1
17
15
22
2
1
1
1
17
8
1
5
1
21
31
11
1
19
2
1
4
2
1
2
2
4
3
2
11
8
10
32
2
6
29
6
1
2
1
6
1
99
4
6
7
9
1
4
32
2
103
18
1
27
4
25
1
1
3
7
14
6
7
1
8
3
16
2
7
2
1
56
37
1
10
16
1
1
3
20
1
1
4
33
1
6
1
1
4
17
3
3
18
11
11
2
1
3
15
22
23
2
1
8
2
2
14
7
15
2
1
3
4
1
2
1
4
36
68
36
855
6
96
67
163
1
4
12
1
4
1
1
24
17
1
11
2
1
28
6
7
11
138
5
119
17
37
3
3
1
1
3
5
18
4
3
2
4
30
4
5
20
1
3
2
16
1
2
1
1
60
1
3
1
6
3
1
36
22
1
6
1
1
1
2
1
6
30
16
13
4
3
1
17
3
14
3
64
8
7
12
6
1
1
18
2
11
11
4
5
1
1
1
2
4
1
1
8
17
4
2
3
1
5
6
1
1
1
17
5
25
17
16
1
2
1
23
1
8
3
3
6
11
1
1
1
15
4
7
28
1
25
2
4
1
3
5
2
1
4
17
1
1
8
9
13
18
3
3
58
1
1
1
2
1
3
15
18
3
4
9
1
18
9
1
1
84
9
1
1
254
12
7
31
9
5
6
1
1
2
1
1
22
4
22
2
1
31
7
5
19
3
10
2
5
3
1
1
1
3
3
5
1
1
1
13
2
21
1
7
2
1
1
1
9
2
12
23
3
1
3
7
37
81
9
1
4
1
4
1
45
35
13
1
1
1
1
13
4
4
1
1
9
63
4
1
1
1
16
6
8
4
4
15
5
1
2
4
1
1
1
1
2
14
2
6
7
3
2
12
4
24
4
11
3
1
2
92
24
9
1
1
30
1
2
8
3
2
31
1
30
6
11
2
29
3
6
1
33
2
92
20
2
1
1
17
36
1
13
15
17
46
1
2
12
5
13
31
324
8
3
1
1
23
25
2
13
2
58
8
4
70
1
2
22
21
11
8
2
18
8
5
17
3
34
21
39
1
24
1
1
1
2
5
3
3
1
12
6
13
1
1
1
8
2
3
1
2
46
25
4
1
7
5
2
1
1
1
1
90
3
4
3
1
1
15
10
7
47
2
1
17
57
150
28
5
2
9
6
22
27
1
9
12
10
30
2
19
4
3
10
1
33
1
4
30
1
7
4
3
1
12
31
2
6
1
5
2
13
3
2
2
11
1
3
4
6
3
1
1
14
3
2
1
1
2
2
1
2
1
4
19
3
1
14
4
16
2
3
1
1
1
19
1
3
3
3
3
1
1
1
1
3
1
5
2
4
4
20
2
1
18
13
18
11
6
7
30
143
69
1
13
11
5
1
2
5
10
1
30
6
5
16
2
2
8
16
8
1
1
17
2
15
4
5
3
2
3
2
3
21
8
1
22
14
7
21
20
1
1
1
4
10
20
5
1
1
2
1
2
38
27
2
9
6
5
1
8
1
4
12
6
1
1
51
5
6
15
23
29
24
1
1
1
25
3
1
6
8
9
5
6
3
4
9
3
1
18
32
1
17
1
11
3
14
6
12
1
3
7
1
3
3
1
5
1
5
17
2
1
11
3
4
9
1
1
1
1
1
5
10
8
7
2
46
1
2
1
2
3
4
1
4
1
16
12
2
1
2
22
1
5
1
1
8
1
1
19
27
1
3
6
60
5
3
6
4
1
7
1
1
6
80
16
3
16
1
43
1
2
8
88
1
2
1
2
11
8
11
1
18
1
1
12
42
5
55
1
3
4
11
1
1
1
1
1
1
10
1
15
1
36
2
1
1
1
1
2
6
8
29
1
3
1
1
3
8
1
18
4
2
1
2
8
5
52
3
20
1
24
17
1
6
3
6
84
65
1
37
50
5
1
2
9
19
1
3
1
21
3
2
34
6
1
2
1
3
17
4
10
1
16
1
2
3
4
4
5
2
38
13
8
2
2
17
2
21
8
1
2
7
6
5
45
30
11
12
21
13
6
1
35
20
5
4
19
23
1
6
3
1
2
11
1
4
16
2
1
1
14
1
34
6
1
211
17
1
1
1
10
12
13
1
1
2
15
2
20
2
2
8
4
1
12
2
3
2
10
15
4
1
3
4
1
113
4
1
32
18
11
3
1
2
1
1
1
2
10
12
3
3
15
78
24
4
1
6
114
27
2
2
12
2
18
7
8
3
4
2
59
51
5
7
2
2
9
1
27
7
1
4
21
21
9
3
2
1
1
3
2
31
1
2
1
6
71
1
2
1
1
1
1
8
9
1
1
13
5
2
14
2
1
34
21
9
3
8
6
1
3
1
3
2
2
1
9
21
10
6
4
5
2
13
2
5
1
6
8
11
3
2
1
1
1
4
10
3
1
2
49
3
2
1
7
19
1
3
4
4
30
3
1
9
7
2
3
29
21
1
1
2
8
1
2
3
2
1
8
13
6
4
45
18
13
1
94
40
1
10
5
7
26
8
1
2
9
10
13
1
1
2
1
1
6
6
16
4
1
1
6
4
4
5
2
12
2
3
3
9
5
14
25
1
2
15
18
11
7
1
6
1
3
8
6
2
10
10
1
1
3
1
30
2
5
1
2
4
1
1
1
1
2
16
35
9
2
3
1
1
43
1
1
1
6
6
2
9
1
1
1
30
5
1
1
41
12
25
12
1
1
1
7
2
3
1
30
14
1
2
1
1
1
5
1
2
8
1
1
8
4
1
1
39
1
4
11
1
2
5
22
1
6
5
4
65
36
1
4
7
8
2
4
9
3
5
4
6
3
39
3
1
1
1
1
3
26
1
19
2
3
4
11
5
7
1
1
2
8
1
4
9
38
1
7
30
1
3
5
7
2
1
25
2
6
1
5
12
4
3
1
2
1
9
3
42
3
24
7
4
1
1
8
7
5
33
11
1
2
6
1
1
8
10
22
5
40
6
11
1
1
6
17
3
25
7
9
13
1
4
1
2
15
7
4
11
1
1
2
6
12
1
1
2
1
1
8
34
2
2
1
6
2
1
31
69
8
1
1
1
1
4
6
19
4
1
7
1
9
2
3
1
4
1
1
2
60
4
12
16
21
1
2
15
3
1
8
26
1
8
1
17
2
2
21
2
1
2
1
2
3
9
9
1
19
1
1
8
16
9
14
2
3
6
38
4
5
3
2
1
53
7
1
1
28
1
2
19
1
3
3
64
1
2
29
6
73
96
13
61
8
3
35
28
6
15
2
3
3
1
32
71
6
21
1
3
13
7
15
1
2
9
2
32
5
1
14
2
10
13
18
29
1
56
4
20
6
7
1
1
1
1
17
6
1
1
208
147
16
84
1
2
2
2
1
5
15
21
1
3
1
31
12
17
48
2
11
1
81
1
3
1
1
1
1
1
1
1
1
1
1
2
43
24
6
1
2
1
2
1
1
50
15
7
12
19
2
16
3
1
5
5
1
10
25
30
17
1
9
1
5
1
4
7
4
9
5
1
2
1
1
22
12
4
1
1
5
1
4
31
5
7
1
13
1
1
1
2
1
4
3
6
1
16
1
1
1
6
3
2
3
1
3
3
9
3
9
2
14
8
3
1
1
12
1
4
27
8
1
15
7
1
6
1
1
5
1
22
14
1
9
7
10
8
2
1
24
2
33
1
46
1
6
8
42
4
11
1
16
2
15
3
2
1
7
8
1
2
2
1
1
11
1
3
2
14
8
13
11
3
18
3
4
1
19
7
11
1
1
3
1
22
7
3
8
2
1
1
1
5
11
9
2
7
13
1
1
8
2
2
1
1
7
14
43
19
22
2
15
3
2
8
1
8
6
11
2
1
1
3
34
30
10
5
3
1
7
1
10
1
5
9
10
2
3
1
1
1
2
2
1
6
2
18
5
38
17
1
1
8
4
3
7
4
2
1
23
59
2
1
1204
33
1
1
2
3
2
1
2
6
5
9
3
2
2
26
11
37
10
3
4
2
7
3
5
1
1
27
2
14
1
1
1
50
2
1
2
9
1
1
3
18
2
10
27
2
1
27
5
3
18
8
2
3
6
2
8
9
1
24
1
4
79
2
1
1
1
1
5
10
6
2
2
35
16
68
2
17
12
14
6
6
1
5
8
8
8
2
17
50
2
2
2
1
1
9
2
6
1
4
2
6
3
1
3
6
6
2
124
13
26
5
6
1
6
3
4
2
1
12
3
7
1
4
16
119
1
31
45
7
1
1
1
30
2
8
2
2
14
8
4
9
1
48
1
5
3
30
4
1
1
9
3
8
9
3
19
67
2
5
6
46
26
3
1
1
1
3
1
1
4
6
7
7
20
6
14
2
7
34
1
1
1
1
16
11
1
2
13
2
4
2
12
9
1
69
16
1
2
44
49
3
7
6
1
1
1
35
1
4
4
11
25
5
14
2
16
1
1
22
1
1
49
13
1
1
13
4
2
13
2
5
6
1
13
2
1
43
7
1
65
6
48
1
1
1
1
3
11
1
8
4
2
25
3
15
13
2
8
4
20
50
3
1
25
17
1
13
11
1
16
2
1
6
1
2
1
6
1
1
3
1
61
16
1
7
1
1
6
6
165
3
20
1
44
9
1
1
1
1
15
1
14
1
1
13
1
2
3
8
8
1
26
1
31
5
32
4
2
14
1
15
2
1
2
2
2
1
2
1
36
56
3
1
1
10
1
18
5
2
1
9
1
2
3
2
7
3
9
1
1
14
2
1
6
1
1
1
4
13
13
2
1
1
4
4
1
7
6
17
1
16
2
1
81
9
1
2
12
1
2
1
1
4
3
11
8
2
2
2
1
4
1
3
4
15
2
3
2
3
1
6
3
1
2
22
1
18
6
5
1
13
1
1
11
6
3
1
2
11
1
4
11
1
1
2
1
1
3
2
1
7
1
4
3
2
2
26
1
2
1
2
62
1
2
3
20
5
1
13
8
4
3
1
16
1
29
8
6
1
2
6
24
4
12
264
36
16
2
6
2
10
3
1
4
4
1
1
3
2
22
2
4
1
30
3
2
20
13
2
3
1
3
11
1
1
2
2
21
13
3
2
3
1
1
2
2
8
1
1
13
1
9
3
16
45
13
1
58
18
15
47
4
2
1
2
2
2
1
5
2
11
17
88
1
1
1
83
20
1
5
2
6
77
1
5
4
4
2
2
37
1
12
1
2
12
4
15
3
6
2
16
4
2
86
1
11
3
1
2
6
1
1
7
4
16
8
6
8
7
2
4
1
1
3
2
3
3
2
1
1
10
1
16
5
2
3
5
24
6
1
1
3
9
3
9
1
8
48
1
15
8
4
1
4
4
14
66
3
9
1
1
12
44
8
2
1
3
1
2
4
1
4
1
37
2
2
1
3
11
2
7
11
1
12
2
27
1
12
7
9
21
7
47
16
1
4
38
1
91
7
4
11
5
1
2
23
11
10
1
1
10
3
8
16
3
6
1
3
1
5
1
7
5
3
14
26
26
14
1
6
2
5
1
6
1
4
6
18
69
12
14
9
1
6
3
7
24
3
16
3
6
3
2
4
9
8
2
5
39
4
8
2
8
1
6
6
3
6
2
13
7
1
1
2
25
15
2
2
3
27
1
17
18
1
27
3
1
18
1
5
13
50
6
17
1
10
8
3
1
6
5
7
1
1
1
2
18
2
2
3
25
9
2
6
10
2
2
4
14
46
8
1
1
2
2
18
2
35
2
28
7
5
17
20
5
5
3
1
27
1
4
19
1
2
1
20
2
1
5
1
20
1
2
1
1
1
1
18
4
9
7
1
2
1
1
254
5
25
11
11
1
5
1
1
1
2
1
1
3
5
2
1
1
2
1
7
7
2
13
16
18
1
3
9
1
1
5
1
1
1
1
6
4
11
7
1
3
1
9
63
6
7
13
6
3
2
8
1
7
8
2
1
48
1
4
31
4
1
4
1
4
1
6
60
2
12
5
4
2
3
9
1
7
9
2
3
20
3
10
2
1
1
2
13
54
6
27
2
4
22
1
1
2
1
1
7
14
3
1
27
18
1
1
4
7
10
5
9
1
2
1
1
38
102
3
9
2
8
2
1
14
8
1
8
3
19
1
1
1
9
1
1
17
10
1
10
1
7
2
1
2
1
1
12
1
2
1
7
2
1
5
30
11
1
37
3
2
76
22
1
2
3
5
1
2
7
4
1
4
12
3
2
4
22
3
2
18
2
6
1
5
5
1
6
1
8
3
17
21
1
6
83
79
5
4
1
1
2
5
1
3
1
9
2
1
2
2
1
7
1
51
3
2
1
1
1
1
2
40
1
2
3
2
8
1
1
6
17
4
15
1
8
66
5
1
2
3
1
4
4
6
10
3
2
2
1
2
7
10
25
2
18
2
1
6
5
6
1
1
2
9
3
1
1
1
4
2
36
2
5
1
1
2
5
3
4
1
39
15
4
3
2
1
1
4
143
16
8
1
4
13
7
2
4
2
39
8
1
1
17
7
2
3
3
1
4
16
1
7
8
2
10
1
7
4
6
1
2
4
28
1
3
33
5
4
7
1
1
1
5
1
1
2
1
8
1
2
4
4
5
1
7
1
29
1
1
1
1
13
1
3
1
6
2
3
3
1
4
1
57
13
23
2
7
1
14
2
4
1
2
4
1
1
2
2
14
3
8
16
1
1
3
2
2
1
7
3
1
3
23
6
1
29
11
7
5
11
1
6
2
2
24
2
4
1
16
1
28
1
17
52
21
53
91
11
1
3
6
8
45
4
38
1
2
10
1
1
12
1
4
5
3
3
28
7
1
1
15
9
15
8
11
49
8
8
27
37
6
11
1
1
35
2
1
8
1
11
2
1
3
5
2
2
21
1
2
2
8
14
5
5
15
1
1
9
35
1
1
8
2
14
49
27
3
5
10
13
23
3
5
17
1
1
4
1
2
3
28
10
3
9
15
1
2
6
7
6
1
1
2
1
33
1
1
3
2
2
2
8
1
1
10
3
2
1
20
1
1
11
1
21
4
2
1
1
2
2
1
1
4
18
54
2
5
1
2
5
1
5
7
1
7
2
1
1
3
15
1
1
1
3
7
27
15
6
6
14
1
31
1
5
9
18
3
5
1
4
2
1
1
11
9
34
5
3
1
2
14
11
18
33
4
1
8
5
1
3
12
3
13
4
1
4
11
2
1
2
1
1
21
4
1
11
24
24
1
2
10
1
9
1
8
18
3
5
2
11
75
1
1
1
38
1
1
1
1
6
3
2
1
1
1
1
7
13
1
1
6
7
5
5
1
1
3
2
2
1
1
1
1
8
7
10
1
3
10
9
1
1
1
1
11
1
2
1
4
2
10
16
27
17
2
3
6
8
13
4
4
6
36
1
1
4
1
4
7
1
4
8
4
3
1
13
11
22
9
30
2
17
1
1
1
1
3
8
2
4
13
6
15
4
3
32
1
4
5
4
1
11
1
13
7
14
14
5
30
6
1
2
5
2
2
5
8
5
1
13
1
2
11
1
5
13
2
3
1
1
2
5
16
5
15
2
13
1
1
8
1
7
2
2
1
3
1
6
4
1
4
2
15
2
1
3
3
2
16
21
1
3
7
2
8
4
1
1
1
1
6
21
1
19
1
3
23
3
7
2
2
1
6
1
1
20
5
19
3
14
30
13
1
1
1
3
2
8
1
4
2
1
3
5
19
8
2
6
1
1
12
1
1
81
6
12
25
6
47
3
2
14
2
1
3
1
1
11
1
46
2
7
11
2
37
1
26
19
7
2
1
58
2
2
2
13
1
101
5
1
2
9
1
1
1
1
3
1
2
1
1
8
1
10
4
1
1
1
35
2
1
1
6
1
3
14
4
19
26
3
4
1
8
1
8
3
4
10
5
3
29
1
1
4
4
1
20
17
9
3
1
8
1
3
13
1
13
3
8
2
2
9
1
2
11
2
2
1
13
9
5
166
3
1
1
5
4
2
17
2
1
11
1
5
9
6
1
1
2
3
6
6
6
14
2
22
17
5
7
1
6
1
2
1
9
1
3
1
1
4
29
5
1
4
6
1
8
3
5
6
4
1
5
1
2
3
3
1
1
2
13
19
1
8
3
32
1
2
5
5
4
5
3
15
4
1
9
27
2
4
18
7
4
3
1
117
3
12
2
89
8
6
4
13
7
6
10
7
1
24
4
4
1
1
1
19
32
41
10
9
6
1
4
12
17
1
2
1
12
1
7
1
12
1
6
53
5
1
3
1
5
4
3
1
2
8
1
12
1
4
2
70
51
1
13
1
6
8
4
1
10
2
3
1
1
28
1
11
1
1
26
1
129
2
2
1
1
10
10
2
4
14
1
1
10
6
6
20
2
2
11
12
1
7
2
12
25
1
66
4
7
2
1
1
1
293
14
9
21
1
4
2
2
9
3
7
1
13
5
1
1
1
1
2
14
7
18
1
1
2
8
2
3
2
1
10
1
13
4
1
4
1
14
1
5
2
1
1
1
1
7
1
1
1
1
2
8
1
1
2
2
4
1
18
3
8
1
9
23
27
6
233
2
10
4
3
2
2
1
15
2
13
10
13
1
1
56
2
3
2
8
2
3
1
11
8
1
3
2
1
6
1
2
1
8
3
20
25
3
1
4
3
46
3
1
6
4
1
3
4
6
1
1
12
1
8
14
9
29
1
1
8
14
2
7
2
18
1
1
1
9
7
5
4
4
2
23
5
12
2
7
1
3
6
2
67
11
2
1
3
1
20
3
12
2
2
4
1
2
6
3
27
4
1
1
4
147
4
29
17
8
7
8
6
1
1
4
56
31
4
10
1
5
1
1
2
1
11
6
5
5
3
5
4
20
1
26
1
2
1
1
6
1
15
1
1
1
3
1
1
3
2
14
2
3
14
5
3
11
2
1
2
5
3
1
5
1
1
11
1
1
1
5
1
10
1
1
1
20
3
6
32
2
4
10
4
1
1
2
1
3
1
1
2
1
1
5
4
8
5
7
2
16
8
8
8
1
9
1
2
2
17
24
1
2
1
1
6
1
2
1
12
1
1
10
1
6
11
6
20
4
5
26
2
2
3
5
7
4
3
5
9
1
1
9
4
107
2
1
22
18
106
3
3
6
1
15
1
14
2
2
4
5
24
4
2
1
1
2
3
1
85
6
1
1
28
1
6
1
1
27
13
2
2
24
2
2
1
1
3
4
2
2
1
4
1
2
1
2
6
1
15
1
1
1
1
1
1
9
8
1
1
11
21
8
8
2
1
7
1
3
18
16
7
2
4
1
1
1
1
10
1
2
1
2
13
1
1
1
1
6
6
1
42
4
9
1
8
6
6
5
3
3
17
8
1
7
6
9
1
3
4
5
2
1
1
2
1
15
3
4
19
1
2
6
1
2
6
2
2
25
14
4
1
2
15
1
2
1
1
1
10
15
5
1
3
9
3
3
1
1
11
2
3
7
1
1
4
1
4
1
2
1
1
1
1
23
7
1
1
1
1
5
15
1
2
4
1
2
5
23
5
7
7
1
6
7
1
3
5
2
3
2
4
4
1
4
1
12
19
6
1
28
3
1
1
3
9
2
2
1
1
25
1
1
6
2
18
3
1
1
4
37
1
1
5
1
27
6
8
1
2
1
1
2
2
3
30
3
19
1
2
2
2
3
4
1
3
1
2
13
1
1
6
26
2
8
18
1
1
1
7
1
8
1
6
2
1
1
3
1
1
2
1
2
4
2
2
2
11
1
4
1
1
11
8
2
1
1
2
1
18
4
1
15
2
5
8
1
1
2
9
4
2
2
3
4
2
5
11
1
7
2
1
1
4
2
2
8
8
5
1
2
3
11
1
4
1
15
3
1
49
1
3
1
13
1
1
1
4
6
4
1
3
2
2
5
9
7
1
1
2
4
3
90
1
10
8
2
1
2
1
3
2
1
5
27
2
2
3
44
2
1
1
1
6
2
5
11
3
3
3
1
6
3
11
6
1
1
36
1
5
1
1
1
1
4
11
68
4
1
4
61
65
4
3
1
16
1
1
1
2
2
2
3
1
3
9
2
4
83
2
2
2
12
22
5
6
3
4
6
1
2
1
21
10
1
1
1
7
10
1
1
20
5
6
74
3
2
5
2
1
1
4
3
5
4
2
3
2
6
1
6
6
5
7
19
4
1
18
3
11
1
2
22
3
4
1
7
10
32
3
2
5
41
3
47
25
2
9
1
13
5
1
1
5
1
60
1
11
3
1
15
43
1
6
1
11
1
2
3
1
6
13
1
1
44
1
1
1
1
1
6
10
9
1
1
10
3
10
9
1
13
1
15
6
1
1
2
1
1
1
7
3
5
1
1
29
1
2
1
7
2
1
1
1
1
1
5
1
1
8
3
2
2
8
9
5
1
11
31
2
4
10
1
4
1
71
4
3
2
8
2
5
2
5
2
2
4
4
2
3
2
24
4
2
1
4
5
6
32
1
4
3
2
6
3
7
2
2
5
1
1
5
1
1
1
5
159
4
7
4
8
1
1
2
1
2
3
13
2
1
1
1
4
15
5
21
17
27
1
6
6
5
15
2
7
8
8
2
103
1
5
1
2
1
2
16
2
12
3
1
1
4
1
5
15
2
1
1
11
4
4
2
2
12
1
2
1
1
6
5
34
13
2
4
2
88
5
5
3
16
5
4
11
2
2
1
30
7
4
1
1
1
7
1
2
11
1
18
1
2
7
10
4
2
8
7
5
1
2
19
4
12
7
1
1
17
11
2
3
1
3
12
1
2
2
1
35
1
4
1
1
1
7
1
14
1
82
7
3
1
1
10
16
1
2
1
11
1
12
4
8
12
7
1
3
1
2
4
3
2
2
2
5
2
5
2
3
13
3
23
1
1
47
1
2
9
2
12
1
21
2
18
11
10
1
1
3
2
7
4
2
3
2
8
1
16
69
6
1
1
3
7
4
6
2
1
1
1
1
2
20
1
2
1
19
1
6
7
13
1
19
8
9
16
1
6
1
1
73
2
1
3
1
1
1
2
1
1
7
2
2
14
104
3
2
2
1
2
1
1
1
8
1
4
3
3
9
3
5
2
1
15
9
11
2
1
2
2
3
5
2
8
4
2
2
2
3
4
10
17
3
45
6
3
3
2
1
19
1
1
10
3
1
1
1
1
2
2
11
5
3
2
2
4
1
1
1
1
1
1
12
1
7
2
2
19
4
2
9
4
3
3
3
1
2
1
1
3
2
3
14
7
2
1
13
1
3
5
2
7
2
9
24
21
6
1
1
1
1
2
2
2
1
1
6
9
2
2
4
5
2
3
2
1
1
1
1
2
19
5
3
1
1
1
2
1
24
1
2
8
4
4
4
4
8
8
4
5
5
27
4
4
3
13
7
16
7
1
3
5
6
2
1
6
3
7
2
12
31
2
29
4
2
35
5
4
18
11
1
6
3
2
3
1
2
2
15
1
1
1
4
1
35
4
13
1
4
8
1
2
4
2
22
2
3
1
2
4
2
28
1
3
3
4
3
14
9
1
2
1
3
37
1
10
1
1
16
3
16
1
5
47
6
1
2
1
18
5
1
9
19
1
4
2
5
2
6
1
8
2
4
2
4
4
22
5
3
10
2
3
10
1
6
4
3
7
2
1
4
25
2
3
7
1
6
9
1
23
7
2
6
3
4
3
1
3
11
5
3
4
1
30
14
6
14
4
17
4
3
1
6
2
3
13
3
1
2
3
3
1
2
1
11
9
1
2
4
4
1
2
1
15
1
2
1
20
46
2
1
4
1
1
1
1
2
2
2
1
3
1
12
7
2
1
6
8
3
4
3
2
27
10
2
4
5
14
71
6
1
2
2
1
4
3
1
4
2
1
1
6
1
3
1
66
3
1
2
2
6
1
3
3
2
7
1
1
6
2
4
4
26
16
1
5
8
3
5
3
9
1
14
10
5
2
3
1
1
15
3
1
9
19
14
4
2
4
1
34
1
31
10
5
4
5
4
1
1
6
18
6
9
7
8
3
2
4
7
5
9
2
21
3
2
1
15
10
1
1
6
4
27
4
6
7
2
1
1
5
6
13
25
4
1
5
15
1
35
12
4
8
1
7
7
7
1
1
1
1
1
2
2
29
1
2
11
1
6
1
1
13
1
1
2
1
1
2
2
2
1
11
3
2
1
1
1
18
2
11
6
1
1
16
1
28
1
1
1
4
1
9
19
4
7
9
1
9
1
1
1
4
3
3
8
7
2
2
1
1
1
1
2
1
1
44
9
1
17
1
1
1
1
1
29
1
5
26
1
6
3
1
9
1
21
2
1
2
9
1
2
7
8
32
4
14
1
1
1
8
1
8
1
1
13
21
4
1
6
6
8
1
3
1
5
1
1
1
1
4
1
11
2
1
1
7
3
50
15
1
1
2
1
1
1
43
3
2
1
2
4
9
37
7
5
1
32
3
11
19
13
4
9
2
2
3
2
8
3
4
3
1
1
1
1
1
1
1
1
1
1
2
1
1
1
2
1
12
1
6
7
4
12
5
2
1
1
2
9
2
14
9
24
1
5
7
1
2
2
1
12
2
1
1
9
1
5
4
3
3
3
3
12
31
6
2
38
2
1
6
4
1
3
1
39
21
5
3
1
1
5
1
1
7
3
1
21
2
4
2
3
1
2
1
3
3
1
3
12
1
1
1
11
2
2
2
2
3
3
1
6
7
1
2
13
4
1
1
2
1
1
2
6
1
1
3
6
10
3
2
1
1
1
3
1
5
3
13
5
2
1
2
1
3
6
2
2
1
63
4
1
21
5
2
2
4
3
39
15
1
1
2
1
1
1
2
3
5
1
1
1
1
3
1
4
1
13
1
3
36
7
1
17
9
7
3
6
1
16
1
4
32
7
11
1
12
12
8
3
1
1
2
5
3
4
1
1
1
3
2
4
4
6
3
1
7
9
1
3
3
2
1
12
10
3
2
2
1
7
1
2
1
1
3
1
2
1
6
3
1
5
1
9
1
1
1
2
2
5
4
6
15
12
6
1
1
30
7
1
3
11
1
3
2
1
1
1
2
3
1
29
20
17
1
5
15
3
5
1
12
1
1
4
8
4
1
8
1
8
4
1
34
5
5
4
7
4
18
23
1
12
5
21
4
25
1
2
6
14
10
1
1
2
1
3
1
16
15
1
1
3
33
2
5
7
1
1
6
6
17
7
1
16
20
1
35
2
1
33
3
1
1
1
1
1
16
2
6
1
9
1
8
4
1
31
7
1
65
1
7
1
4
1
2
1
3
1
3
5
1
5
1
2
15
6
7
1
9
5
1
4
3
8
2
1
5
8
17
7
3
1
5
27
7
12
1
23
9
4
9
1
3
1
2
2
1
3
1
2
3
11
5
5
3
1
7
6
3
1
6
25
1
10
1
4
10
12
1
1
2
1
2
3
3
2
35
4
4
1
3
3
6
4
9
5
1
4
1
1
2
2
5
10
4
1
45
25
7
1
1
1
1
4
1
1
1
1
1
2
2
3
1
1
9
1
1
4
1
13
3
4
1
1
8
1
3
2
1
1
1
9
5
2
1
6
24
3
2
6
2
1
2
6
5
1
2
2
2
1
4
4
1
5
1
6
2
12
3
1
3
5
1
1
1
6
2
5
12
3
9
40
6
1
1
15
2
2
1
1
4
3
11
4
4
29
1
8
18
4
2
2
7
10
4
13
4
1
7
6
2
9
2
1
3
1
4
2
2
2
2
8
1
1
11
8
4
1
3
1
1
1
1
2
1
2
1
5
12
1
10
2
1
1
15
5
3
1
2
1
1
1
18
1
31
3
1
1
1
12
12
1
2
1
2
2
2
1
7
10
32
6
2
6
3
7
12
2
13
1
4
1
36
10
2
1
1
1
11
5
2
25
7
7
3
5
4
3
3
20
6
138
6
1
6
3
5
7
2
7
2
1
2
1
2
12
5
2
5
3
1
1
2
1
25
8
2
6
1
3
2
3
7
4
8
7
1
3
4
28
1
9
2
7
11
2
5
18
15
5
13
5
1
3
17
1
4
15
10
3
1
4
1
1
11
15
3
3
1
2
6
1
1
2
1
1
1
4
1
1
2
14
3
1
1
4
1
5
2
2
2
4
7
7
7
3
3
1
1
4
8
1
1
7
1
1
1
3
2
2
3
1
4
1
1
5
3
13
10
3
9
9
1
28
22
1
1
12
17
6
18
8
4
3
1
3
1
3
4
5
11
78
103
2
1
1
8
2
70
2
1
1
12
1
29
22
9
2
4
4
20
5
10
7
1
4
2
2
7
4
1
4
1
2
4
6
2
1
4
8
2
2
1
1
7
15
2
4
1
18
12
1
1
4
1
3
14
2
6
1
8
5
3
4
20
1
15
7
1
2
1
3
4
1
12
8
3
7
5
14
1
4
6
1
1
1
2
10
14
7
9
3
1
3
7
10
2
1
6
1
11
10
6
15
1
20
1
1
8
13
5
4
9
1
15
1
4
1
5
9
2
4
4
4
1
2
1
2
2
9
8
1
2
1
1
2
4
1
12
2
2
4
5
1
3
12
1
1
1
2
1
1
5
2
2
8
3
3
8
8
3
1
1
1
1
2
13
1
16
3
37
8
1
1
2
18
15
33
1
18
3
2
3
5
8
8
1
3
4
2
1
1
4
5
5
10
1
1
4
2
5
1
4
1
2
3
1
5
7
3
3
7
3
8
9
2
98
38
1
7
1
10
6
1
11
3
6
3
1
1
1
1
2
2
2
1
8
13
1
2
14
2
3
2
8
2
5
4
5
10
1
1
4
1
2
2
7
4
2
2
1
2
8
9
2
9
1
1
1
5
1
21
1
6
1
27
8
3
2
2
3
2
3
1
8
2
2
1
2
5
7
5
2
1
2
2
1
28
7
3
1
2
1
1
10
2
4
3
13
5
1
3
4
1
7
19
3
2
1
28
7
7
4
10
1
4
1
16
8
15
9
8
1
3
2
2
1
2
5
1
1
2
3
1
16
2
1
5
1
1
1
1
1
1
2
6
8
9
15
2
2
5
1
3
3
3
1
1
1
54
1
4
1
1
1
3
5
2
1
1
4
1
6
2
4
4
2
1
3
2
1
1
1
1
1
1
1
4
1
1
7
14
12
2
1
10
6
8
4
8
40
1
13
2
10
3
1
5
2
11
2
1
1
6
1
10
2
5
11
1
10
5
1
5
1
1
1
2
1
1
1
5
1
20
14
2
1
2
2
2
4
13
5
3
2
5
5
11
8
11
2
1
1
5
3
5
1
4
4
4
1
19
7
1
2
1
1
13
318
1
1
2
4
1
2
3
4
6
1
1
1
2
5
16
2
1
1
1
1
12
8
1
1
1
3
1
3
16
1
1
2
1
2
1
2
1
1
1
2
9
1
2
1
1
22
10
7
3
2
2
28
2
5
2
17
2
10
1
2
1
3
1
3
30
10
3
7
1
2
1
1
1
1
3
6
2
1
4
22
2
11
2
5
1
1
2
4
3
1
10
7
13
12
2
1
4
2
2
1
2
1
2
1
2
2
16
1
1
4
9
1
1
3
18
1
19
1
1
2
2
1
4
1
2
2
1
1
1
4
1
2
2
4
6
2
3
5
2
2
4
9
11
44
2
5
1
1
11
1
1
1
1
7
9
1
1
3
22
1
9
34
3
1
1
2
17
4
1
1
2
1
2
1
3
2
4
2
5
5
3
8
12
30
3
10
5
1
1
1
3
14
2
1
10
3
2
1
1
2
1
6
6
2
8
20
3
1
8
2
5
1
5
4
1
1
1
64
6
1
3
9
6
1
1
1
1
1
1
1
1
1
1
4
1
4
8
3
2
1
1
2
1
1
1
1
5
2
8
23
13
4
3
2
1
2
6
12
1
1
12
6
1
8
17
4
46
1
1
1
1
1
1
7
1
1
1
1
1
1
35
1
1
4
1
1
5
2
2
1
1
1
7
4
2
1
1
1
2
1
1
6
2
1
1
3
4
6
9
1
4
13
10
10
1
4
1
1
1
8
1
1
1
9
1
3
2
1
2
1
1
1
1
1
11
5
1
1
2
1
1
1
1
7
2
5
11
4
7
1
3
1
1
2
2
1
1
1
1
1
2
9
2
6
2
1
2
1
1
1
7
6
25
6
1
7
1
1
10
7
4
4
5
1
2
4
1
14
13
1
11
9
2
1
27
1
13
12
4
2
9
3
2
6
1
3
1
18
5
64
1
42
3
1
29
1
3
6
12
2
1
6
3
2
1
1
2
4
3
2
4
4
2
5
91
2
4
1
1
12
4
2
14
1
1
3
3
3
1
2
9
1
15
60
7
2
7
4
2
7
4
1
9
3
2
5
6
6
5
18
10
1
1
22
6
6
1
4
3
1
2
4
1
5
11
7
3
2
2
9
2
1
3
1
4
2
1
1
2
3
5
1
1
2
1
14
3
5
7
21
4
1
14
1
2
2
3
3
6
1
3
1
35
1
3
4
3
1
5
21
6
2
3
4
4
3
8
1
9
5
3
5
3
1
1
19
4
2
1
1
10
2
4
3
3
1
9
2
4
1
4
10
1
12
62
21
1
1
2
8
9
2
5
18
2
21
1
1
1
1
2
1
1
6
3
3
20
1
9
2
1
14
2
1
6
7
4
1
10
4
15
3
3
1
1
10
3
2
11
3
9
1
1
2
1
1
1
1
1
1
1
1
1
1
9
1
13
1
1
1
1
1
1
1
9
3
1
15
1
5
1
4
1
1
11
1
2
2
1
1
2
1
1
5
5
2
3
2
1
2
10
1
3
1
5
10
3
1
34
1
1
2
1
1
1
1
2
9
1
1
3
11
2
5
3
1
2
1
1
6
6
10
1
1
1
1
4
3
11
4
1
1
1
6
2
3
6
4
1
25
1
3
1
1
1
2
1
1
34
1
1
1
1
4
1
19
23
17
1
7
1
4
3
27
1
1
5
1
1
5
25
1
1
1
2
3
3
2
2
1
1
1
1
2
1
1
8
1
3
1
2
1
7
2
9
1
2
1
3
1
2
1
1
1
4
9
1
1
11
1
1
1
1
1
2
4
1
1
6
19
2
6
1
19
4
4
1
3
1
1
1
1
13
6
3
8
7
1
1
10
2
1
4
7
1
10
2
2
6
2
1
1
7
1
1
6
3
1
3
9
1
3
1
29
8
18
7
2
1
10
1
4
1
5
7
1
5
3
10
12
3
4
4
2
2
1
2
1
2
4
2
2
20
3
5
1
1
40
1
6
3
1
2
1
8
4
54
1
3
2
1
2
1
1
1
3
1
9
1
9
1
1
1
1
4
1
7
6
1
1
7
3
4
5
1
2
8
3
4
2
1
6
2
4
1
1
3
3
4
1
2
8
1
6
3
10
2
12
1
1
2
1
7
3
2
7
1
1
1
9
7
4
8
2
2
1
2
11
1
2
4
12
1
7
1
2
3
1
5
3
1
4
3
11
7
1
5
1
3
5
1
4
1
5
7
5
1
5
7
5
1
1
8
2
8
13
3
2
1
1
1
1
2
2
23
22
11
8
1
3
3
27
4
2
1
6
2
4
14
29
2
3
1
2
3
7
4
11
3
2
3
3
7
2
1
3
7
1
16
10
3
2
14
3
1
3
1
3
2
1
2
3
1
1
10
1
2
1
3
2
1
5
3
4
9
9
1
7
10
16
1
54
1
4
3
1
3
3
1
7
3
14
1
12
1
11
2
8
17
3
1
2
1
3
3
1
1
6
5
1
1
4
6
1
1
3
2
3
1
2
11
10
9
2
1
2
21
1
1
2
2
21
1
5
6
2
2
1
5
15
1
17
3
1
8
7
6
4
22
17
2
1
1
1
1
3
1
5
1
1
3
2
1
3
15
4
1
14
4
2
3
16
1
2
1
1
1
5
1
5
3
1
3
99
1
2
3
2
1
1
2
1
6
1
1
11
2
13
3
26
1
1
4
1
1
1
5
2
4
1
1
4
4
13
1
7
1
4
4
6
4
2
2
5
9
4
1
1
7
4
1
2
1
1
2
1
3
1
29
20
1
13
1
3
4
2
4
1
1
2
5
11
1
1
2
5
5
2
8
1
3
68
5
1
1
1
1
5
2
5
11
1
2
14
3
2
4
1
2
1
1
6
3
2
5
5
1
1
4
1
1
1
1
2
1
5
25
11
1
2
4
8
2
8
5
8
1
1
3
1
5
15
5
10
5
1
1
3
1
1
3
16
4
1
1
1
3
19
2
16
1
1
1
1
1
2
1
1
3
1
7
4
1
1
1
1
11
1
1
10
5
20
1
1
9
3
16
10
2
3
2
1
23
4
1
10
1
1
1
3
6
1
2
1
1
6
1
3
2
2
3
27
1
30
7
1
4
2
1
1
2
1
3
4
1
8
1
1
1
4
2
1
2
1
4
1
5
31
22
2
4
6
3
1
12
2
3
6
11
6
8
12
3
19
5
2
1
1
1
1
1
1
1
2
1
4
5
1
13
1
9
7
1
3
7
6
2
1
1
1
4
1
1
1
1
3
3
1
4
12
17
4
1
1
1
1
1
1
6
1
1
8
1
3
17
1
1
1
2
2
30
1
1
5
1
1
1
2
3
1
1
3
2
1
3
1
6
1
5
1
1
1
4
81
2
1
1
1
3
1
6
2
1
1
4
4
1
3
6
4
26
3
2
1
1
2
2
1
2
3
1
7
10
2
3
8
3
3
2
1
4
17
1
7
2
1
11
35
5
2
2
3
9
16
2
3
1
2
2
5
2
2
3
2
1
2
1
2
1
15
6
3
1
1
1
1
16
2
4
10
10
3
5
12
33
4
1
2
4
11
4
1
5
3
1
1
4
9
5
8
7
9
1
2
1
5
1
1
1
4
3
1
43
11
1
2
6
1
1
5
1
3
15
1
1
1
2
1
1
3
33
2
4
14
1
9
8
13
3
1
2
1
1
1
1
8
6
1
3
4
4
6
1
1
9
1
6
11
3
1
3
3
2
7
1
1
2
2
9
2
1
2
1
15
1
1
2
1
1
3
1
1
1
2
21
4
2
1
3
4
17
3
2
23
3
2
3
2
1
1
1
7
1
1
1
4
1
5
1
1
8
1
2
4
1
2
1
6
1
5
1
1
1
5
34
3
66
6
1
3
13
16
6
6
3
2
6
1
1
12
2
2
2
7
1
2
1
3
5
7
2
3
1
1
6
6
5
2
151
20
1
1
12
5
18
4
6
9
21
3
3
2
2
1
4
11
2
2
1
1
1
6
2
3
1
2
3
6
1
3
1
2
1
3
1
37
1
1
6
8
2
4
1
1
4
2
1
1
1
17
1
3
9
1
4
1
1
2
1
1
4
1
5
2
5
1
3
1
4
1
17
1
4
2
1
1
12
1
1
5
1
5
1
1
1
1
1
1
16
1
1
2
2
1
5
1
5
1
2
1
1
1
1
7
26
1
2
75
4
3
3
9
4
1
1
1
1
1
1
49
3
1
8
3
6
2
2
1
1
1
3
3
30
4
3
1
4
3
2
2
3
4
1
7
1
5
1
8
1
2
2
4
3
15
1
14
2
1
2
3
3
6
3
2
2
3
2
2
2
1
1
3
1
1
1
5
2
11
2
3
27
1
1
1
1
20
1
4
18
3
1
2
4
7
5
3
8
4
1
1
1
1
1
5
3
3
1
1
1
7
12
21
9
5
1
1
4
3
2
1
4
1
3
2
1
1
2
4
2
1
1
1
1
24
9
1
1
2
8
8
4
1
15
5
1
3
1
10
2
10
2
2
1
1
1
1
6
3
5
8
1
6
3
7
14
2
5
1
1
1
9
2
9
1
9
6
1
32
1
4
1
2
1
15
3
1
1
2
5
1
6
1
2
3
4
1
2
1
15
1
2
32
3
7
5
7
1
1
2
6
1
3
1
6
5
2
1
2
5
1
2
1
1
10
2
5
6
13
1
2
1
1
5
9
2
4
1
10
1
4
1
2
14
3
2
2
12
12
1
1
1
1
1
1
3
6
5
4
2
7
10
4
3
1
2
2
1
9
2
1
1
1
2
2
3
1
5
1
13
3
1
4
3
1
1
2
6
1
4
2
1
1
6
8
4
1
1
1
3
2
6
2
2
1
3
1
2
7
1
2
1
1
1
1
10
3
1
2
2
2
1
4
7
1
1
1
1
4
10
1
1
1
9
1
10
1
2
15
5
4
6
1
1
4
5
1
4
5
1
2
5
3
10
1
6
2
3
3
1
3
1
1
1
3
1
27
1
2
1
2
1
1
7
1
6
1
5
1
13
1
1
1
1
4
2
3
8
5
2
2
9
12
1
2
1
2
1
1
2
2
1
6
3
1
1
4
1
1
1
2
19
2
1
2
7
1
1
2
1
5
1
1
1
1
2
22
24
3
4
1
4
11
4
4
1
10
2
2
10
13
1
5
4
1
1
6
9
5
6
4
20
1
2
6
2
8
4
1
12
2
1
11
1
1
3
2
1
1
1
2
12
2
1
2
1
2
7
7
2
1
1
1
1
13
1
2
4
3
4
7
1
2
3
7
7
16
7
1
8
15
6
2
4
2
1
1
4
1
2
1
1
4
2
1
1
5
1
5
21
1
4
1
4
9
52
1
2
1
1
3
1
11
3
2
1
1
5
1
24
1
5
2
14
4
4
2
6
1
22
2
7
1
4
6
5
13
3
5
1
5
8
2
2
2
4
8
22
1
29
1
1
1
1
1
1
2
1
2
1
1
1
1
1
9
3
2
1
1
3
4
1
4
1
4
5
2
2
1
3
1
1
19
1
1
1
1
1
3
2
2
4
3
1
4
2
1
3
1
1
2
3
6
1
2
1
8
1
4
7
5
4
9
2
1
7
1
5
5
4
2
5
5
30
4
3
1
17
1
18
2
1
8
1
3
1
1
4
1
7
1
1
12
1
2
1
2
1
2
2
10
1
4
7
3
6
8
5
7
6
7
1
3
3
9
1
2
2
1
1
3
1
1
141
1
1
1
2
11
1
1
1
2
6
1
1
1
1
5
1
1
5
1
5
4
26
1
7
1
1
2
8
7
1
2
11
6
1
9
3
1
3
1
8
2
2
7
2
1
1
3
7
1
1
1
1
1
1
7
5
6
1
5
1
5
2
2
1
3
1
6
3
7
4
4
11
1
7
1
3
4
2
1
2
16
1
1
1
2
4
1
4
4
2
1
6
1
2
4
1
7
1
3
2
3
2
1
2
15
1
1
1
1
2
6
8
14
8
2
2
1
2
1
1
4
3
2
3
2
1
4
2
5
7
16
1
1
3
1
2
1
5
6
12
5
1
3
1
13
8
13
9
44
1
3
7
8
5
2
24
1
2
1
1
9
2
24
2
3
3
3
1
2
1
1
4
1
1
1
11
6
8
2
6
3
1
5
1
4
5
2
1
1
1
4
6
1
1
1
10
2
4
2
1
2
3
1
1
4
10
3
1
2
1
1
6
4
1
1
2
4
1
1
4
2
2
9
2
3
6
6
2
1
2
4
1
2
1
1
3
4
7
13
1
6
1
1
1
16
1
2
1
3
4
8
10
2
1
8
1
3
2
3
1
2
1
1
1
7
2
4
1
8
4
1
4
1
2
1
2
21
2
2
1
8
1
4
8
1
1
6
4
2
1
1
1
1
3
1
3
1
3
1
2
2
12
1
1
1
1
1
1
1
20
1
2
1
1
2
1
3
2
10
3
5
2
5
2
18
1
12
1
4
1
1
2
2
2
1
3
1
1
3
3
1
7
3
4
11
1
1
1
1
1
16
7
1
9
2
19
12
1
7
5
8
6
2
3
6
1
2
1
1
1
4
2
22
3
1
2
1
1
1
1
15
1
10
4
1
1
10
5
1
1
2
2
5
5
1
6
1
2
1
2
1
3
1
5
1
37
1
3
7
1
10
3
8
1
31
3
1
2
3
1
1
3
3
3
8
1
1
1
1
2
1
1
1
1
6
6
4
4
1
4
9
1
2
1
9
1
1
9
1
1
1
1
1
1
2
1
2
1
13
2
1
2
3
14
1
1
2
2
1
2
2
4
1
1
56
3
27
5
1
3
10
2
1
1
4
1
4
4
2
7
2
4
19
2
4
5
2
1
1
1
2
4
2
24
8
1
2
1
2
4
2
1
5
3
5
1
4
3
2
3
6
3
1
19
3
2
2
3
7
3
9
4
2
2
3
4
3
1
1
1
1
1
1
1
2
5
1
1
12
2
1
8
10
1
1
1
7
4
6
1
4
1
3
1
1
4
9
1
2
1
1
2
7
1
2
6
1
2
3
4
9
4
1
12
6
1
1
8
1
4
1
3
34
1
1
1
3
2
3
12
13
2
7
5
1
1
1
3
4
3
1
13
5
1
2
5
1
1
1
2
12
5
6
2
3
1
4
1
1
1
1
14
2
23
1
2
2
13
1
10
3
3
7
1
1
4
1
1
2
1
7
1
2
5
1
10
2
7
2
1
1
1
12
11
1
5
1
3
5
7
7
5
1
1
16
3
4
4
2
3
77
4
5
29
1
18
1
3
14
1
1
4
2
4
2
3
2
50
8
1
4
1
11
1
1
1
1
2
1
3
24
5
1
2
2
1
12
1
1
1
3
4
6
3
4
4
1
7
2
5
1
109
5
5
1
1
5
2
3
5
7
3
5
7
2
2
1
1
3
1
3
8
6
2
1
2
4
2
5
1
3
3
1
1
2
1
6
1
1
1
2
1
1
2
2
1
3
1
2
2
3
1
6
1
8
1
6
1
2
1
2
1
1
2
6
1
2
1
8
2
2
1
1
3
3
4
3
5
1
4
2
3
4
1
1
4
4
3
3
1
1
1
1
5
3
3
1
1
1
9
4
1
2
2
1
9
1
3
12
2
2
1
2
8
3
4
3
4
3
4
1
5
2
1
4
7
1
1
1
1
4
2
2
2
1
1
1
6
3
7
2
1
2
3
6
23
13
2
1
2
3
1
3
4
1
1
1
1
1
4
2
5
1
6
1
5
6
4
1
1
4
1
7
2
1
1
5
4
2
1
1
1
1
1
1
10
4
1
2
1
8
4
4
1
4
1
5
1
1
12
1
3
2
3
4
4
7
1
1
4
4
2
5
3
2
1
1
1
2
1
1
1
1
3
2
4
18
6
1
1
1
10
1
3
1
1
2
1
2
1
1
1
3
2
1
11
2
18
2
1
4
2
1
43
1
4
3
2
2
2
3
3
2
1
1
11
2
1
4
1
4
5
2
13
4
2
5
1
18
1
3
6
2
11
2
6
3
1
8
1
3
2
2
2
2
5
1
4
1
1
2
1
1
3
2
1
2
1
2
1
6
1
12
2
1
1
2
1
1
5
6
1
1
1
1
4
1
1
24
2
6
2
1
2
6
1
5
1
1
2
1
16
1
1
11
1
6
3
1
2
3
2
10
2
2
2
3
4
8
2
1
1
2
4
1
2
2
1
2
2
9
2
2
3
1
6
3
7
2
10
1
2
1
2
1
3
2
1
5
3
1
4
1
6
2
5
14
3
1
16
8
7
2
3
1
6
3
3
1
1
1
6
4
6
1
2
1
2
5
1
1
6
5
1
3
2
1
1
1
1
1
1
1
6
1
4
1
1
1
6
7
2
2
1
5
2
3
2
2
5
4
1
3
1
1
9
4
1
7
2
1
12
2
3
1
2
9
1
1
5
1
4
4
1
1
4
2
7
7
1
1
1
1
1
1
2
21
2
1
9
1
2
1
3
7
2
1
1
7
1
11
110
21
1
1
4
4
4
1
9
12
3
6
2
16
6
5
2
5
3
16
2
1
1
3
13
6
1
5
1
4
1
1
1
1
1
1
3
1
1
3
4
1
1
3
7
2
3
1
4
14
1
2
1
4
1
7
3
2
6
6
4
2
1
10
1
1
5
2
1
2
7
1
1
6
4
2
1
5
3
1
1
1
1
1
1
7
8
1
1
11
1
5
1
21
1
8
1
12
2
5
3
15
2
19
37
2
1
1
2
1
2
22
1
1
1
1
1
1
1
1
1
1
3
6
5
16
10
1
2
8
3
4
1
15
1
3
11
3
1
4
2
2
8
1
1
1
2
1
2
1
2
1
1
1
9
1
1
24
1
2
1
2
2
5
3
2
1
3
2
2
7
1
19
2
2
7
5
2
3
1
1
1
13
2
1
1
7
1
5
2
1
5
5
2
1
1
6
2
41
6
7
1
6
2
1
3
1
1
2
2
2
3
104
3
1
15
1
4
1
1
2
1
1
2
2
3
1
1
1
11
3
4
1
1
1
1
1
6
1
1
26
3
4
7
2
5
1
22
1
1
8
2
4
3
1
4
2
2
9
3
33
31
1
1
2
8
1
2
8
2
4
22
1
5
1
2
4
3
7
1
1
3
7
7
1
1
4
8
1
3
2
1
3
2
2
1
6
21
2
1
2
2
1
1
1
2
2
6
1
1
1
11
1
7
1
3
5
2
2
5
1
3
5
1
2
6
5
2
1
2
2
1
2
4
10
21
1
1
1
5
2
1
1
1
2
15
1
1
1
2
2
3
1
2
1
1
6
33
1
1
4
1
220
1
15
4
1
2
6
1
1
1
2
1
2
2
6
1
14
1
7
1
1
1
2
1
1
1
4
8
1
1
2
1
2
11
6
4
9
1
4
4
4
4
1
1
1
2
1
4
1
1
5
4
1
4
2
1
2
1
1
8
1
5
1
1
1
3
2
1
1
9
60
1
6
3
1
4
3
28
8
3
2
1
2
12
2
1
2
2
1
3
4
2
1
1
8
3
3
1
1
1
1
5
1
4
1
4
1
1
21
2
3
1
2
2
1
1
5
1
1
3
1
1
8
1
13
1
3
2
3
1
1
10
1
1
1
2
8
9
1
7
1
6
6
4
8
2
7
1
21
2
4
1
2
2
7
1
1
2
1
4
19
4
4
1
1
6
2
1
1
1
5
7
16
1
16
4
3
2
1
17
2
6
4
3
4
3
13
1
3
3
1
2
1
3
10
1
1
1
1
10
1
3
2
1
1
1
2
4
7
1
4
15
14
1
2
3
57
1
8
5
37
1
3
4
2
3
1
2
3
1
3
2
2
2
4
5
2
3
5
3
1
1
7
1
1
29
2
2
3
1
6
1
3
1
4
2
8
1
1
4
3
2
13
8
1
1
1
2
1
4
1
1
1
5
3
2
1
4
4
3
1
20
3
58
7
1
8
1
7
7
2
1
7
2
2
1
4
2
2
1
1
2
1
1
4
1
3
5
1
2
1
2
1
1
1
2
1
10
1
2
1
1
17
1
3
2
3
4
4
13
1
1
2
2
11
6
1
12
1
4
1
1
5
3
4
3
3
1
3
1
1
5
3
1
6
10
5
6
5
1
4
9
1
16
5
1
7
1
3
1
1
12
1
1
3
3
4
1
2
6
1
1
2
10
3
1
1
6
1
1
2
1
1
4
4
13
2
7
1
3
1
2
2
1
3
1
1
1
1
1
2
1
1
1
1
1
16
17
1
4
3
1
1
7
4
3
3
1
21
1
11
6
1
2
2
3
2
5
10
12
4
1
1
1
6
16
3
2
5
2
1
2
2
2
2
3
2
1
17
4
1
3
3
1
1
2
15
2
5
4
3
6
2
1
4
1
1
3
4
2
11
4
2
4
3
1
1
1
2
1
7
1
1
1
7
1
11
1
12
1
3
1
4
2
1
1
4
1
2
1
1
24
1
1
1
1
6
1
1
1
1
3
6
1
8
1
1
1
5
1
1
1
1
4
1
3
2
5
2
1
2
1
2
2
2
1
4
1
5
12
3
4
1
1
1
1
7
4
1
22
1
31
3
1
1
1
2
4
2
1
1
13
1
1
1
3
2
2
2
3
2
3
1
2
1
2
12
1
1
2
1
2
1
2
1
4
1
4
7
2
1
13
2
19
1
3
3
2
1
5
1
10
1
1
6
3
2
3
5
11
4
4
1
1
6
1
2
1
6
1
5
4
2
5
6
1
3
2
5
6
1
1
1
17
4
1
2
1
8
9
1
1
1
1
1
1
2
3
1
1
1
3
1
2
1
14
4
1
1
9
3
1
1
3
2
1
1
6
9
3
4
1
5
2
1
5
7
4
1
3
5
62
2
2
4
1
1
1
2
4
2
3
1
1
20
1
3
1
5
3
3
3
1
2
6
3
1
1
1
3
2
6
7
4
7
3
5
11
1
3
5
1
1
1
1
2
1
11
15
4
1
2
5
3
1
1
1
2
5
10
1
1
8
1
2
3
6
1
5
4
2
2
4
1
1
1
5
1
3
1
2
3
2
1
2
1
12
3
14
5
2
1
1
7
1
9
1
7
4
2
14
6
7
5
42
1
8
4
1
4
57
2
6
2
3
2
2
5
1
3
2
7
14
1
6
1
1
1
1
6
2
2
1
1
2
3
5
2
6
1
2
1
1
2
1
1
1
3
2
1
1
10
11
2
3
1
13
7
1
2
2
1
1
2
2
1
3
6
12
2
2
1
2
18
19
1
1
3
1
2
1
1
2
1
1
1
1
5
3
5
11
4
2
4
4
2
6
1
2
1
1
1
2
1
3
4
2
3
6
7
11
5
1
2
1
1
3
3
1
1
4
1
2
2
6
1
1
2
3
1
4
7
2
1
2
1
1
1
6
2
1
1
2
1
1
2
2
7
1
14
2
1
4
3
1
2
6
3
1
1
2
16
1
1
1
4
3
3
2
4
2
1
2
2
3
1
5
1
7
8
2
5
2
1
6
16
1
1
1
5
1
2
3
6
1
1
1
1
1
1
6
6
1
4
1
1
1
1
1
1
1
1
3
1
1
1
1
2
3
1
2
2
1
1
9
12
2
7
1
2
3
1
1
2
3
1
3
10
2
1
3
2
3
32
2
3
2
1
11
7
1
9
1
1
1
2
6
1
1
5
1
2
6
3
20
7
2
2
2
1
4
4
6
2
3
3
2
1
7
1
4
3
3
3
2
3
4
2
1
22
1
1
10
8
5
2
7
5
2
1
2
3
1
6
1
1
1
2
2
1
4
5
28
1
3
1
7
1
1
19
60
1
1
2
5
2
1
2
1
3
2
5
1
1
2
1
1
3
3
2
1
3
1
33
4
1
1
18
9
1
1
1
1
1
1
4
2
1
2
2
5
2
2
1
1
4
2
1
1
1
1
2
2
1
1
4
1
4
3
1
2
5
5
4
1
8
2
4
5
1
1
41
2
2
1
3
13
1
2
1
9
1
2
1
2
1
7
1
1
1
1
2
1
1
1
3
7
4
1
3
1
9
1
3
1
9
2
1
1
2
1
1
1
7
2
2
1
14
2
2
1
3
5
6
3
27
1
2
1
1
1
1
3
3
3
4
1
1
3
2
3
4
1
1
1
1
40
1
1
1
5
6
1
1
1
8
2
1
1
1
1
3
2
7
2
4
1
17
3
4
6
1
1
1
2
1
2
2
2
2
5
1
4
2
4
2
13
3
2
1
2
1
1
18
3
3
6
1
3
1
1
1
1
2
3
1
8
3
1
3
1
9
1
2
1
2
2
2
2
2
13
1
4
1
2
4
1
1
2
4
2
1
2
1
4
2
1
1
3
1
1
3
1
4
2
1
1
1
11
2
7
6
1
4
24
1
1
1
3
1
1
8
1
13
1
3
3
1
6
2
1
1
1
1
2
3
10
2
1
2
2
1
4
1
2
1
3
1
1
6
1
2
5
15
2
1
2
1
1
1
3
3
1
3
1
2
3
1
1
1
1
4
1
1
7
2
3
3
4
1
1
1
2
7
2
1
5
2
1
1
4
1
1
1
1
1
4
8
1
285
2
1
2
1
3
1
3
1
1
6
2
2
2
2
3
2
1
1
1
1
2
9
1
3
1
3
5
1
1
10
1
12
1
2
1
17
37
2
3
1
1
3
5
1
8
1
1
4
1
1
1
3
2
1
1
3
2
2
4
3
1
3
1
3
1
5
1
4
3
6
1
3
6
3
4
13
1
10
4
1
3
1
4
5
1
3
4
4
1
2
1
3
1
3
1
1
2
1
8
3
3
7
6
6
6
1
1
7
2
4
3
2
3
1
2
1
1
3
1
1
2
2
3
4
1
5
3
6
3
1
6
3
2
2
1
1
2
4
5
1
1
5
1
1
1
1
1
2
2
4
3
6
4
1
1
1
10
3
2
2
2
2
4
1
1
1
4
1
5
1
22
2
2
7
10
1
1
4
13
2
5
1
5
1
1
63
6
2
5
8
26
1
1
2
3
1
1
2
3
11
2
2
1
2
1
1
1
4
2
1
7
1
10
4
3
6
3
1
2
1
2
1
3
4
1
1
1
2
1
2
1
1
1
16
3
9
6
1
6
2
5
4
1
2
1
1
3
2
20
1
1
2
1
2
2
1
1
1
1
2
7
7
20
1
1
1
5
2
6
1
1
12
2
1
2
1
3
1
2
2
7
1
3
7
5
1
1
7
2
1
2
2
2
1
5
1
1
1
1
5
2
1
1
5
11
4
4
2
2
1
1
6
6
1
1
2
21
2
2
3
3
3
1
6
2
1
6
3
3
4
3
5
1
1
4
4
6
1
8
3
1
2
1
1
1
5
1
6
3
1
4
2
11
7
6
2
2
1
1
1
7
7
2
1
3
1
1
3
1
4
1
1
3
1
1
1
4
4
4
1
3
4
6
5
2
18
1
1
13
1
4
1
2
4
1
1
1
1
4
4
9
6
16
12
1
6
3
22
56
1
8
1
5
2
1
12
3
1
2
2
1
3
6
1
11
1
6
1
3
2
1
5
3
4
2
2
1
1
1
2
1
1
3
6
2
3
4
1
3
1
1
1
2
1
1
6
2
3
1
2
5
1
1
3
3
2
2
3
2
2
1
1
3
1
2
3
1
3
3
1
3
1
1
2
14
5
1
5
1
6
1
3
3
1
4
1
5
9
1
9
5
3
4
1
1
1
1
1
5
4
1
3
1
1
1
1
3
1
1
2
2
1
1
1
1
2
3
1
2
3
1
1
3
2
4
3
1
1
1
6
2
1
2
9
1
1
2
2
2
2
1
1
71
2
2
21
1
1
1
1
4
2
1
3
1
1
1
1
1
1
4
1
5
1
4
3
1
1
21
1
1
2
2
1
1
1
1
1
7
1
2
5
1
7
6
2
2
4
1
1
2
1
1
5
2
2
1
2
1
2
1
1
2
24
9
2
1
5
2
1
3
2
3
2
3
1
1
1
22
5
1
1
4
1
1
12
1
2
1
2
1
1
1
1
3
8
1
8
5
2
3
8
7
1
1
8
2
1
1
1
1
4
1
2
2
1
1
4
9
11
1
1
3
1
2
6
2
1
6
1
1
1
1
4
6
1
6
1
5
1
2
3
7
8
4
5
1
2
7
3
5
9
1
1
64
1
2
1
1
3
1
1
2
2
2
1
2
3
3
2
1
1
1
14
1
3
1
4
1
14
1
2
3
5
2
1
5
8
1
8
1
1
5
2
2
1
1
1
1
1
1
1
3
1
2
1
13
1
2
1
1
3
8
3
6
1
1
1
7
3
1
3
1
1
1
5
1
2
1
8
6
6
2
1
2
1
1
2
2
2
1
1
1
1
1
1
5
1
3
1
1
4
2
2
1
1
1
1
3
1
1
2
1
1
2
1
2
1
3
1
1
1
2
3
2
7
1
22
2
14
1
1
1
1
21
16
11
2
3
1
5
4
1
1
2
1
1
3
1
6
1
5
1
1
2
1
3
1
1
4
7
2
4
1
2
5
8
1
2
1
4
1
80
1
1
3
1
7
2
1
1
2
2
2
4
1
1
4
1
4
5
1
4
3
1
2
1
1
4
2
1
1
2
3
1
3
1
3
1
2
1
1
1
3
9
3
9
1
1
1
1
1
5
5
1
1
1
1
2
2
1
1
1
3
3
1
3
1
1
1
3
1
3
1
1
3
3
2
1
1
1
1
8
1
3
1
1
2
2
1
1
2
2
3
2
3
1
1
2
1
1
1
1
2
2
1
2
2
1
1
2
2
1
2
1
3
5
1
2
1
8
1
2
1
1
2
2
1
8
2
3
1
1
1
1
1
1
1
1
4
1
7
4
1
1
1
1
1
3
9
2
1
6
9
3
23
7
1
1
5
1
13
2
2
1
1
6
6
2
1
1
2
5
2
1
3
1
8
1
1
3
4
1
1
1
2
4
1
1
4
1
4
1
10
1
2
5
4
1
2
1
3
2
2
1
3
1
6
1
1
2
1
1
1
1
3
1
3
1
1
1
2
1
2
1
1
1
1
1
2
6
1
3
4
13
1
1
1
1
5
4
1
2
1
6
2
8
1
1
7
2
1
1
1
4
4
2
1
1
5
1
2
3
3
2
2
2
1
2
4
2
1
1
27
1
2
1
2
3
1
2
1
1
1
1
2
1
1
6
1
5
1
9
46
22
1
1
1
4
1
1
3
1
8
2
3
2
10
2
4
2
3
1
3
1
1
3
3
1
3
2
1
4
1
2
3
2
2
1
1
2
5
1
1
1
1
2
7
2
1
2
1
3
3
2
1
5
2
1
5
1
5
1
1
1
3
1
5
4
7
14
8
3
1
1
1
1
8
1
1
1
2
1
3
1
2
1
1
1
2
4
1
1
22
1
1
3
1
1
3
1
5
7
1
1
6
6
1
1
1
2
3
8
1
22
1
2
6
1
1
1
1
2
3
1
1
1
3
1
12
11
1
1
1
1
4
2
1
1
1
1
1
1
3
1
4
1
3
5
1
4
4
5
2
5
4
1
1
2
1
3
1
4
10
1
1
6
1
2
1
1
1
2
3
5
7
1
1
1
1
1
2
1
3
1
12
1
12
1
4
3
1
2
1
1
1
1
1
1
2
1
2
3
1
2
2
6
2
6
5
1
11
1
1
1
14
3
1
2
1
1
1
1
1
2
4
1
3
2
6
100
2
1
1
2
5
1
2
1
1
3
1
1
1
9
1
3
12
2
3
2
5
3
1
3
1
2
1
2
1
1
1
4
1
1
6
3
1
1
3
2
1
2
1
2
14
1
1
1
1
2
2
3
6
2
7
1
1
2
3
7
3
3
1
1
1
1
1
1
1
2
1
2
5
1
1
1
2
1
1
11
4
3
1
2
1
1
1
2
1
3
1
1
2
2
2
2
14
3
1
1
2
1
1
1
4
1
2
2
1
2
1
1
7
1
1
1
1
1
4
1
2
2
1
1
3
5
1
5
3
2
1
1
2
2
1
1
2
1
2
1
5
4
1
2
2
1
1
1
3
1
1
5
1
6
2
2
2
1
3
3
4
1
1
3
1
1
1
1
2
7
2
1
1
5
9
1
2
1
1
1
20
5
3
1
3
2
3
3
1
1
1
1
1
1
1
5
4
1
1
1
3
5
1
1
4
1
12
4
1
1
2
10
11
3
6
5
1
4
1
2
1
1
2
2
3
5
1
3
2
1
7
2
2
1
1
1
1
1
1
1
1
1
1
11
1
1
2
4
1
1
3
1
6
3
1
1
2
1
4
1
1
1
2
1
8
1
4
1
1
1
24
1
2
7
1
2
2
2
1
2
1
1
1
1
4
1
1
7
1
12
8
4
17
21
11
1
13
1
3
1
15
2
1
3
2
1
1
30
2
1
20
1
1
1
1
1
3
2
1
1
1
1
1
4
1
1
2
4
1
1
1
2
1
1
1
4
2
3
3
1
7
1
1
3
1
1
2
1
5
2
1
1
1
2
4
2
1
1
1
1
2
4
5
1
2
2
2
7
2
3
3
13
3
1
1
12
2
2
5
1
1
1
1
3
1
1
1
1
1
1
1
6
1
1
5
4
1
1
1
1
2
3
1
4
2
6
1
3
3
1
2
1
1
4
1
1
12
1
4
1
1
7
35
5
3
2
1
2
1
1
1
1
1
9
2
2
3
1
8
1
5
6
1
4
6
6
8
1
9
4
2
18
9
3
1
1
2
6
1
1
1
1
1
4
2
1
1
5
2
1
5
1
19
3
5
11
3
1
1
1
1
2
2
1
1
1
1
2
5
1
5
2
1
1
2
1
1
1
1
5
7
1
6
2
1
1
7
1
1
3
2
1
5
1
1
2
1
1
1
1
2
1
1
13
1
2
2
5
1
2
3
3
1
3
1
1
1
1
14
1
1
2
4
15
29
1
4
2
1
1
1
1
22
1
1
2
2
39
3
2
1
2
1
1
9
3
2
1
2
5
1
6
1
2
1
1
3
1
1
1
4
6
1
2
1
2
1
1
4
2
3
3
2
6
3
6
6
1
1
2
1
11
2
6
1
1
1
1
1
1
3
3
1
1
1
5
1
1
1
14
2
1
2
1
1
3
1
1
2
1
2
1
10
3
3
5
2
1
3
1
5
3
5
1
1
6
1
1
1
1
2
3
1
5
1
4
1
2
3
12
1
1
1
15
2
1
1
1
4
4
3
4
1
1
3
5
3
2
3
1
1
1
1
4
47
1
1
1
3
3
5
11
2
1
1
2
2
2
2
5
1
1
3
1
6
1
2
1
3
2
7
2
5
3
4
2
1
1
1
4
1
5
1
4
1
3
4
4
10
2
1
1
35
6
1
3
2
1
1
1
1
1
1
10
2
3
5
1
2
5
1
5
2
1
1
1
1
1
3
1
1
9
1
3
1
2
3
1
2
4
6
12
1
9
1
2
3
1
2
1
3
2
1
1
1
1
1
2
2
11
4
4
3
6
2
2
11
9
1
1
2
2
6
2
4
11
1
2
5
3
4
2
1
1
6
1
2
1
2
3
3
6
1
5
44
2
1
3
1
1
2
6
3
1
1
1
1
1
1
1
2
7
2
4
1
1
3
1
3
23
23
3
1
1
2
2
4
1
6
4
3
1
13
1
2
4
4
4
4
2
1
4
3
3
4
4
4
1
5
3
13
6
2
2
1
3
1
4
4
1
2
1
1
1
1
15
6
1
1
1
2
1
1
1
1
2
1
2
4
2
7
4
1
1
1
15
2
3
8
2
2
4
1
1
1
2
1
1
2
1
2
1
2
2
1
1
4
4
1
1
1
9
2
1
1
1
3
1
2
2
2
1
1
2
1
1
1
2
1
1
1
2
1
2
1
1
3
2
1
2
2
4
1
1
1
14
6
4
125
4
1
2
4
1
1
40
1
1
6
1
1
2
1
1
1
1
3
5
12
2
1
2
2
1
25
1
1
3
2
1
4
3
2
6
6
12
12
3
1
2
1
1
1
2
1
1
9
1
1
1
1
11
1
48
2
31
2
3
2
1
1
1
3
3
2
7
2
1
1
1
1
5
3
1
2
4
79
1
1
1
3
1
1
3
1
1
1
1
3
1
1
2
3
2
5
3
1
1
3
1
1
1
1
1
3
1
8
5
7
1
3
3
3
4
3
1
7
1
4
5
1
4
6
2
3
3
6
1
4
1
10
1
4
2
1
8
2
4
1
2
6
6
3
2
11
4
2
2
6
1
3
1
5
4
2
2
6
1
2
1
2
1
6
1
1
1
3
2
7
2
2
1
2
1
1
2
2
1
2
3
6
4
4
4
2
7
2
1
1
2
3
1
4
2
4
16
2
4
1
1
7
1
2
4
8
2
2
1
1
1
1
8
7
1
19
1
1
4
2
3
1
3
3
3
1
1
6
1
1
1
3
1
1
2
1
3
1
2
1
3
8
1
1
1
3
2
1
3
1
1
4
1
2
1
1
2
8
1
7
7
1
1
1
1
3
8
1
1
1
1
2
1
2
2
1
1
1
1
1
2
2
1
1
2
3
1
2
3
4
1
5
1
1
2
2
1
1
3
1
2
1
2
1
2
1
1
3
3
1
2
1
1
1
3
2
3
3
1
2
3
1
1
2
2
3
1
1
2
14
14
2
3
4
5
1
3
13
3
1
3
18
6
1
3
1
3
18
1
1
9
1
2
8
6
24
8
3
1
2
1
5
1
2
1
1
1
1
1
1
4
1
4
5
1
1
2
2
1
15
1
2
9
8
1
3
3
2
3
4
11
12
3
1
2
9
3
1
6
1
1
1
6
1
2
15
7
4
2
1
6
1
1
2
6
4
1
3
1
1
1
9
5
2
2
1
2
4
3
2
6
6
5
2
2
3
1
1
1
8
1
1
3
2
2
5
4
11
2
1
1
1
1
1
1
1
1
3
1
1
1
3
1
1
1
1
1
3
1
1
2
3
1
1
2
3
2
3
4
4
3
1
1
1
1
2
10
1
3
2
1
2
1
1
1
1
1
2
1
1
4
3
1
1
1
1
1
1
1
3
1
5
3
1
2
2
1
2
2
5
39
1
1
3
1
1
1
2
2
2
2
2
2
5
1
1
4
1
2
1
2
11
2
3
3
2
1
1
1
2
3
1
3
2
1
1
2
1
1
3
1
2
1
1
1
1
1
1
1
3
4
1
1
1
4
1
1
1
1
1
1
6
2
1
1
1
1
1
1
8
2
2
1
1
2
1
2
1
2
3
1
1
9
1
1
1
5
1
7
1
1
2
1
2
5
4
1
1
25
4
14
1
1
2
3
4
1
4
1
2
1
1
6
2
1
1
1
9
1
5
1
2
2
2
2
1
1
2
1
2
1
8
15
1
2
5
2
2
1
1
8
1
3
1
1
1
1
2
2
2
5
4
118
2
1
1
6
1
3
9
1
1
1
5
7
2
2
2
1
1
10
4
1
1
15
5
2
1
6
2
1
3
1
3
2
3
2
2
1
3
1
5
1
2
2
48
1
4
1
1
1
2
2
7
1
1
3
2
75
3
2
1
8
1
5
3
1
1
3
1
2
2
2
3
2
1
1
1
1
1
5
6
2
1
3
2
3
1
3
2
1
2
3
3
1
2
1
1
2
2
1
5
1
1
3
4
1
1
1
1
1
1
2
28
2
3
1
1
6
2
1
1
1
1
16
1
2
5
1
4
12
1
1
1
3
1
8
1
1
2
1
1
2
1
4
2
1
2
1
2
3
1
1
2
1
1
1
5
1
2
6
1
3
1
3
1
1
2
5
2
8
1
3
1
1
3
1
1
7
1
1
1
18
1
1
1
2
4
1
5
1
1
1
1
1
13
3
1
2
1
2
4
1
1
2
1
2
2
6
1
1
2
5
1
2
1
1
7
1
6
3
6
1
1
9
1
1
1
5
3
1
6
12
1
3
3
1
1
1
1
1
4
6
1
5
11
2
1
2
1
1
2
1
1
4
4
2
1
1
2
4
3
1
1
1
4
1
1
1
3
2
9
16
1
6
2
4
1
1
7
1
4
4
7
1
2
1
2
2
1
5
1
4
2
5
1
1
2
5
14
1
17
1
2
2
1
1
3
1
2
6
1
2
1
6
1
1
1
3
1
1
1
1
3
1
1
5
2
50
1
1
1
1
7
1
2
6
3
1
6
1
1
1
1
1
2
1
2
2
1
7
1
1
1
1
1
1
1
1
2
1
1
1
1
1
1
2
3
3
4
3
6
5
1
1
1
28
1
3
2
1
1
3
2
1
1
2
1
4
1
4
1
7
2
1
1
8
1
1
1
1
2
1
3
1
2
2
1
2
3
8
3
8
7
1
2
24
1
1
2
1
1
11
3
2
2
5
1
3
3
18
1
1
1
1
1
4
1
1
2
1
8
1
3
1
5
2
1
3
2
4
2
1
2
1
4
5
3
4
2
1
1
3
2
1
2
2
1
1
1
7
1
1
1
2
2
5
151
7
1
8
2
13
1
1
1
1
1
1
1
3
1
12
1
3
3
1
1
1
2
3
4
1
1
6
4
1
6
1
1
3
1
1
1
4
1
5
1
4
1
1
2
2
1
1
2
1
1
1
1
1
6
1
1
2
1
1
2
2
1
1
2
1
9
2
1
1
3
1
8
8
1
2
4
1
1
1
4
1
2
3
1
1
1
3
1
4
1
1
1
12
2
1
2
1
3
3
2
2
2
1
2
5
5
2
2
1
3
5
2
1
5
1
1
1
1
1
1
1
1
1
13
1
1
1
20
2
1
1
2
1
2
1
2
1
1
1
1
1
2
1
5
5
1
2
1
2
1
2
4
1
4
6
1
2
1
1
19
4
3
1
1
4
3
1
1
1
1
1
1
2
1
1
1
14
1
1
1
2
5
1
1
2
2
1
2
1
3
4
2
7
1
2
9
1
2
2
4
1
9
1
3
1
5
1
3
1
1
3
1
4
6
1
3
2
3
1
1
1
3
1
1
3
1
5
1
1
1
2
1
11
1
1
1
1
1
2
2
4
4
2
4
38
2
4
1
3
9
2
1
1
1
3
1
1
2
1
2
10
1
1
1
6
2
1
1
1
3
3
1
8
3
1
1
2
1
1
4
2
1
1
2
4
4
1
4
5
2
4
1
3
4
1
1
1
1
2
5
1
1
1
3
1
3
1
1
1
6
1
1
2
4
4
4
4
2
7
6
2
3
1
17
1
1
1
1
1
1
1
1
3
1
3
4
1
3
1
77
1
2
6
3
1
2
2
1
1
5
1
3
17
1
1
1
4
2
2
1
2
1
1
1
2
7
1
1
1
1
1
2
1
2
6
5
3
1
1
2
4
1
1
4
1
2
3
1
1
1
2
6
7
1
2
1
2
2
4
1
3
1
1
1
5
1
4
3
4
2
1
1
1
1
2
1
1
2
1
2
2
2
1
3
1
1
1
5
1
3
3
1
1
2
1
3
1
2
4
1
2
4
1
1
1
6
1
1
1
1
3
1
1
6
1
3
1
1
1
2
3
1
4
5
1
1
1
1
6
3
1
2
1
1
1
2
2
3
2
3
1
1
1
2
1
1
1
9
2
5
1
3
1
1
1
3
1
2
2
1
2
1
3
1
2
5
2
4
1
2
3
2
1
4
1
1
1
1
2
1
2
1
1
1
1
1
1
1
2
2
1
3
1
1
1
1
1
1
1
1
1
5
5
3
1
2
2
1
2
3
2
17
2
1
1
9
2
1
2
1
1
1
45
10
2
2
3
4
4
1
3
1
2
2
1
1
2
2
1
1
1
2
1
6
6
1
1
9
6
1
1
1
1
2
2
1
1
1
1
4
1
1
4
1
2
1
2
1
1
2
5
1
1
2
3
4
9
7
1
2
1
1
1
2
2
1
4
6
1
2
1
1
1
3
1
1
1
6
1
1
2
1
1
5
1
1
1
6
4
54
1
1
1
1
3
1
1
1
1
4
1
1
4
2
1
1
1
1
1
2
2
5
1
1
1
1
1
1
1
1
3
8
1
1
3
1
1
1
1
3
1
1
2
2
2
1
2
1
1
1
1
1
1
1
1
1
5
1
1
1
1
1
1
1
2
1
1
2
1
9
1
1
2
2
1
1
1
2
15
1
1
3
1
1
2
2
1
1
5
1
2
5
2
1
1
1
6
5
3
1
1
1
1
1
1
2
1
1
1
10
2
1
1
1
2
1
1
1
3
3
1
1
7
1
2
1
11
2
1
1
6
2
1
2
5
1
1
2
1
1
1
1
2
1
4
1
1
9
2
1
1
1
2
13
1
1
1
3
1
1
1
1
1
2
1
1
2
1
3
4
1
3
1
1
1
1
5
3
3
1
5
2
3
3
2
1
1
5
1
1
1
3
1
1
2
1
1
1
2
1
1
3
1
8
2
28
1
1
1
1
1
1
9
3
1
1
1
1
2
1
1
1
2
1
1
1
1
1
5
1
2
1
2
2
3
1
1
2
3
1
1
6
1
1
2
1
2
1
1
2
3
1
3
7
5
3
1
1
1
2
1
1
3
1
1
1
3
3
1
1
1
7
2
1
1
2
1
5
1
3
2
1
1
2
2
1
6
2
1
3
3
1
1
2
2
4
3
1
2
19
9
1
1
2
4
1
3
1
2
36
1
1
2
4
1
1
7
3
1
6
1
1
10
1
1
1
4
2
1
5
1
1
7
2
1
1
5
4
1
3
2
1
1
1
5
2
1
1
1
1
1
1
2
1
1
1
2
1
1
2
6
1
1
1
1
1
4
3
4
2
1
14
2
1
2
1
1
1
2
19
3
1
3
5
1
5
1
1
1
1
4
1
2
1
1
1
2
3
1
1
2
2
3
1
2
1
19
1
1
6
2
4
1
3
1
3
3
1
1
2
1
2
2
1
1
1
1
2
1
1
1
1
1
1
1
1
3
2
3
2
3
4
3
3
4
2
1
1
26
1
1
1
2
9
1
1
5
7
3
2
8
1
1
2
1
2
2
1
1
1
1
2
2
7
2
1
20
23
1
5
3
1
1
1
1
1
1
1
2
5
6
1
1
2
3
1
1
1
2
1
1
1
2
1
1
5
1
1
1
2
2
1
1
1
1
1
3
1
1
1
1
2
3
3
68
1
1
1
2
6
2
1
5
3
1
2
1
1
1
1
1
2
1
2
3
4
1
2
1
1
2
1
3
1
1
1
4
1
1
1
2
1
1
1
2
1
4
3
2
1
3
2
1
1
6
14
1
2
2
1
1
2
2
1
1
3
2
1
1
1
2
1
1
1
2
6
1
9
1
1
5
1
1
1
1
2
6
2
2
5
1
2
1
1
2
1
4
2
1
1
2
5
3
1
1
1
1
1
3
3
1
2
1
2
1
1
2
1
4
2
4
1
1
3
4
3
14
1
5
8
1
1
2
2
157
1
1
1
1
3
3
1
2
1
1
1
27
9
1
1
1
1
1
1
4
2
1
139
1
1
1
2
2
2
1
6
2
2
1
1
1
1
1
1
2
2
1
3
1
2
1
2
3
1
1
5
2
2
5
2
2
2
2
4
2
1
2
2
1
1
1
1
2
1
5
10
2
1
1
1
2
2
1
1
4
1
1
2
1
4
3
34
1
5
1
1
2
1
1
1
1
1
1
1
1
1
1
2
4
3
1
51
3
4
4
3
5
1
2
2
1
1
2
2
3
13
1
1
4
4
4
3
2
1
3
1
1
3
1
1
1
2
3
1
3
4
3
1
1
1
1
2
1
1
1
7
1
1
2
2
1
1
1
1
2
1
1
1
2
1
1
1
1
2
1
2
2
2
1
1
1
1
6
1
1
3
1
2
1
1
1
1
1
1
1
3
1
2
1
2
1
1
1
2
1
2
1
1
1
1
1
1
3
1
1
1
4
1
1
1
5
2
5
7
1
1
1
1
1
9
1
1
1
1
1
2
1
1
1
3
1
2
91
1
2
2
2
3
1
3
2
2
1
1
2
1
1
1
5
5
6
4
1
1
1
1
2
1
1
3
1
1
1
1
1
1
1
1
2
1
1
1
1
1
1
3
1
1
13
3
4
1
1
2
2
1
9
1
1
6
2
2
2
1
1
1
1
9
1
1
1
2
3
1
5
2
1
1
1
1
3
2
1
1
2
3
1
4
2
1
1
1
1
1
1
1
5
1
1
11
1
1
1
3
5
2
2
1
3
1
1
1
3
2
1
14
3
1
1
1
1
2
7
1
16
1
6
1
4
2
10
4
4
3
3
1
2
6
1
1
2
3
1
4
3
4
1
1
1
1
1
2
2
1
1
1
1
1
1
1
1
1
3
1
1
2
1
1
1
1
1
3
1
1
4
1
1
7
1
1
1
1
3
2
4
1
1
1
2
1
7
1
1
1
1
1
3
4
25
1
1
2
6
2
1
1
5
2
6
3
1
1
2
2
35
1
2
5
10
1
3
1
1
5
19
28
2
1
2
2
2
1
3
1
1
1
3
1
3
1
6
2
1
1
1
1
3
1
3
2
2
7
1
1
1
3
1
1
2
4
1
2
6
1
2
4
1
30
1
1
1
5
6
3
1
2
5
6
2
1
4
2
4
2
2
1
2
2
2
1
1
7
11
1
1
2
17
5
1
2
1
1
1
5
2
2
1
2
161
1
2
3
1
2
2
1
1
1
3
3
3
2
1
1
2
1
1
2
2
5
1
1
2
1
1
3
2
1
2
4
2
4
7
1
1
3
1
1
2
5
1
2
1
1
1
1
2
1
1
1
1
1
1
1
2
1
2
1
2
1
3
2
1
1
1
3
1
1
11
3
1
2
1
2
1
1
2
2
1
6
1
1
3
2
7
1
2
1
129
2
3
1
4
1
1
4
2
1
2
1
2
3
1
1
7
1
3
2
1
1
1
2
2
2
1
1
1
7
1
3
1
2
1
3
3
1
7
1
1
1
1
1
1
1
1
1
3
3
3
1
1
1
1
2
1
1
3
3
4
2
1
2
1
1
1
3
1
3
1
2
2
1
3
10
5
1
1
3
4
2
9
1
14
3
1
1
1
1
4
1
2
5
1
1
1
1
2
1
1
1
1
1
1
2
1
1
1
2
1
1
1
2
1
5
2
1
1
1
2
1
1
2
1
2
1
3
1
1
1
2
1
1
2
1
1
1
1
1
1
1
1
1
2
1
1
2
2
1
2
1
2
1
2
1
1
1
1
1
1
1
1
1
3
3
1
1
2
5
1
1
1
3
1
2
3
1
12
4
2
3
1
6
3
2
2
6
4
1
4
1
1
3
2
1
1
2
1
1
1
2
1
2
1
2
1
1
1
1
1
3
3
2
1
2
1
1
40
3
1
2
4
1
2
1
1
1
2
18
3
1
1
1
3
1
2
2
3
1
1
2
3
1
1
1
4
1
3
1
2
1
2
3
18
3
1
1
1
86
2
1
2
12
1
2
16
32
1
2
4
1
1
1
1
1
1
1
13
1
2
1
2
1
1
1
2
2
1
6
1
10
1
1
2
2
2
2
2
1
5
5
1
1
3
2
5
1
1
1
16
1
3
1
7
1
6
13
3
1
1
6
1
2
3
13
3
1
1
3
1
3
2
2
5
4
4
1
1
3
1
4
1
1
2
14
3
8
1
2
1
1
1
1
1
5
1
1
4
3
2
1
1
1
1
1
1
1
1
1
1
1
6
1
2
2
1
5
1
1
2
1
1
25
5
1
1
10
1
1
3
6
1
1
2
9
2
1
2
3
2
2
3
1
6
5
3
3
1
2
4
2
2
1
1
1
1
2
2
1
2
1
1
1
1
3
1
5
1
2
1
1
1
1
1
1
1
1
3
2
1
2
5
3
2
1
3
1
6
1
1
4
1
1
1
14
9
1
1
7
1
1
10
5
1
1
15
1
3
1
1
3
1
2
1
3
1
1
1
1
1
4
2
1
1
2
4
4
1
7
1
1
5
1
3
2
1
2
1
1
1
1
6
4
1
32
3
1
1
1
1
2
1
8
1
1
13
17
1
3
1
3
1
1
1
1
1
5
8
1
1
6
1
1
1
5
4
2
2
1
1
1
1
3
1
2
3
1
51
1
1
1
16
1
1
2
3
1
1
1
3
1
17
8
4
5
1
1
1
1
1
1
1
2
2
1
4
5
4
14
1
14
4
2
1
1
1
5
1
1
1
1
2
1
13
2
1
2
1
17
1
1
2
2
1
1
2
2
1
6
1
1
1
2
1
2
9
3
3
1
4
6
2
2
1
2
1
2
8
3
3
8
2
1
6
2
1
1
1
2
1
1
1
3
6
2
7
1
11
1
5
3
108
3
1
4
4
4
2
5
3
3
2
1
3
2
124
1
10
1
1
2
1
1
1
1
1
1
6
2
1
2
4
3
4
7
4
12
1
1
1
6
6
6
1
1
5
2
1
1
2
1
1
1
1
2
2
1
1
1
2
1
2
1
1
2
6
2
1
1
4
2
1
6
1
3
1
2
2
2
1
5
1
2
1
4
2
3
1
5
1
1
1
3
2
1
1
1
2
1
1
1
1
1
3
1
71
106
1
5
7
2
1
4
11
1
1
7
8
2
1
3
1
2
4
4
1
1
6
1
1
2
1
30
8
2
4
1
1
2
2
1
3
1
1
1
1
1
2
1
3
1
2
1
1
1
1
1
1
1
1
1
1
3
1
1
4
2
1
1
3
1
1
2
1
1
1
1
1
1
2
3
7
1
1
2
1
2
7
1
9
16
20
1
1
1
1
1
1
2
1
1
1
1
1
4
2
1
2
1
1
3
1
3
11
1
2
1
1
5
1
6
1
1
1
2
1
1
1
1
1
2
1
3
1
1
3
1
3
1
4
1
1
1
2
1
6
4
1
1
4
2
2
2
1
1
1
1
1
1
1
13
1
3
1
9
1
2
1
1
1
2
1
2
134
32
4
5
23
2
1
1
2
2
1
1
3
80
6
1
1
1
1
2
2
13
5
8
1
1
1
2
2
20
1
3
1
2
1
1
1
1
1
1
1
1
2
1
1
1
1
2
2
2
1
1
1
2
1
1
1
2
3
2
4
1
4
1
3
1
1
1
1
1
1
1
1
2
1
1
2
3
1
2
1
1
2
1
7
1
3
4
1
3
3
1
1
1
1
1
2
3
3
1
9
1
5
2
12
2
1
2
1
2
1
2
1
1
1
3
1
2
2
1
1
1
1
8
1
1
236
1
4
1
3
5
1
1
1
1
1
1
1
2
3
1
1
1
3
69
2
1
2
1
1
1
4
1
1
3
1
1
2
1
1
1
1
11
1
1
2
1
7
2
3
1
1
1
1
1
3
2
2
1
1
3
1
1
1
3
1
1
2
1
2
1
8
21
1
4
1
1
1
1
1
1
1
5
2
1
1
1
1
3
1
1
1
3
1
1
1
7
1
4
2
1
6
37
4
3
3
1
2
11
1
2
3
1
2
2
1
20
67
7
1
2
1
1
1
2
1
1
4
5
2
2
2
4
2
4
2
3
2
1
477
2
1
1
1
2
1
1
3
10
1
1
1
1
1
2
2
1
4
3
1
1
3
2
6
1
1
1
1
1
4
132
3
3
7
1
1
1
5
15
1
6
4
1
1
1
2
1
2
1
2
3
2
1
4
2
1
1
1
1
1
1
47
3
1
2
1
1
1
1
2
1
2
2
1
2
1
1
1
1
1
1
1
2
1
2
2
2
4
1
1
6
11
2
1
1
1
9
1
3
9
5
2
4
1
1
2
3
2
1
3
8
31
1
2
1
2
1
1
1
1
1
1
2
1
2
1
2
1
4
8
1
1
1
1
1
1
1
1
2
1
3
2
3
1
1
2
1
3
1
1
1
2
1
2
1
1
4
1
4
2
6
2
1
5
1
1
1
1
1
1
1
5
1
4
4
1
2
16
1
1
1
1
10
2
1
1
1
1
1
4
7
3
1
1
2
2
1
2
1
1
1
1
2
2
1
1
3
1
2
1
2
1
1
1
2
3
1
3
1
2
1
5
1
1
1
1
1
1
6
1
1
1
1
1
1
1
1
1
2
1
1
1
11
1
2
1
1
2
1
1
1
1
2
1
1
1
1
2
1
1
1
1
4
1
9
4
1
1
11
1
1
1
13
3
1
13
1
4
1
3
6
1
1
1
3
1
1
5
2
1
1
1
1
7
1
3
1
2
4
2
1
1
1
1
2
1
1
5
3
7
1
1
1
2
1
2
1
3
1
1
1
2
15
2
1
5
2
1
1
1
1
1
13
1
1
1
1
3
1
2
4
2
1
1
1
1
1
1
1
3
1
3
1
3
1
1
1
1
1
1
1
3
2
1
3
3
1
2
1
1
1
1
1
2
2
1
2
1
1
2
2
1
3
2
1
1
4
1
1
1
3
11
2
1
1
1
5
1
1
1
10
1
1
5
1
3
1
1
3
2
2
9
1
4
1
1
3
2
2
2
1
3
1
2
7
1
3
12
1
1
1
1
2
13
1
1
1
4
2
2
1
1
2
11
1
2
1
1
2
3
1
2
1
7
1
3
3
4
1
1
2
3
2
1
7
1
1
1
1
1
6
3
1
1
4
1
1
1
4
2
1
3
3
1
2
1
3
1
1
1
1
2
1
1
1
2
1
3
3
1
1
3
1
1
1
1
1
1
2
1
1
5
4
1
1
1
3
5
1
1
3
2
1
1
1
1
2
11
1
1
1
1
1
2
1
1
1
1
1
2
1
3
1
1
1
2
1
1
2
3
4
1
1
2
1
1
16
1
1
3
1
3
4
1
2
1
1
1
1
1
1
1
1
1
1
3
2
3
1
3
2
7
1
1
1
1
2
1
1
4
1
1
5
1
2
1
1
3
1
3
3
1
2
3
1
1
1
3
1
1
2
3
3
8
1
1
1
1
1
1
1
1
3
2
10
1
9
2
2
1
1
1
2
1
1
1
1
1
1
1
5
1
1
2
1
2
1
2
1
3
2
1
1
1
1
1
1
1
1
1
1
1
1
1
1
1
1
1
4
1
3
1
1
1
1
9
1
1
3
1
2
1
1
1
1
1
1
2
1
2
2
1
6
1
2
1
1
1
3
1
1
2
1
2
4
1
1
6
1
2
1
1
1
5
1
2
1
1
1
1
2
1
1
6
3
1
1
1
2
28
1
1
1
1
1
1
1
1
1
1
1
2
1
1
1
3
1
4
1
2
2
89
1
1
1
1
2
1
1
2
1
1
1
2
1
1
1
1
1
8
5
1
1
1
1
1
1
1
4
3
3
1
1
1
2
1
15
1
1
1
2
2
1
1
1
4
4
2
11
1
5
1
1
1
1
1
1
1
4
4
31
1
1
1
2
1
1
4
1
4
1
1
1
3
1
2
2
6
1
4
1
2
7
9
1
2
2
1
5
1
2
1
2
1
1
2
2
2
1
1
1
3
1
1
1
2
1
2
1
1
1
1
2
4
2
4
1
1
1
1
1
1
1
2
1
1
2
3
10
1
12
3
39
13
2
36
1
1
1
4
1
1
3
1
147
1
1
1
1
4
2
1
3
1
1
1
1
1
1
1
2
1
1
2
1
1
1
1
1
1
1
1
1
3
5
2
3
3
4
14
12
2
1
1
2
2
1
2
1
1
1
1
5
1
1
1
8
1
26
1
1
1
67
1
22
1
4
2
3
4
20
2
17
2
2
1
1
1
1
1
1
1
1
1
2
1
1
1
1
1
1
3
1
5
1
1
8
4
5
3
11
4
1
1
1
1
1
3
3
2
1
1
4
1
1
1
1
1
1
1
1
1
1
2
2
1
4
5
3
3
4
1
1
3
1
1
2
1
2
1
2
1
2
2
1
1
1
1
1
2
2
1
2
3
1
1
1
2
5
3
2
1
2
2
33
1
1
1
2
2
2
1
1
1
5
1
1
1
1
1
2
1
1
1
1
4
8
6
12
8
1
1
2
1
1
2
1
1
4
2
2
3
2
1
2
1
1
1
2
6
5
2
1
1
1
1
1
2
3
1
1
1
1
1
1
1
5
4
1
3
3
1
2
2
1
1
1
1
1
1
3
1
1
1
3
1
1
1
3
1
3
2
4
2
1
4
2
3
22
4
1
1
3
1
1
1
1
1
3
1
1
1
1
1
1
2
1
1
5
1
1
1
11
2
1
1
1
1
1
1
1
1
6
4
4
3
1
3
6
1
3
1
3
1
2
1
1
1
1
1
2
1
3
2
1
1
2
3
1
1
1
1
1
1
1
1
1
2
4
3
1
1
1
1
1
3
1
2
1
1
1
3
1
1
1
1
1
1
1
1
2
1
1
1
2
1
3
2
1
1
1
1
3
2
1
1
1
6
1
4
1
2
6
1
1
1
1
1
1
1
1
1
1
2
3
1
1
1
1
1
1
1
1
2
1
3
4
1
1
4
2
1
4
7
1
1
1
1
3
5
1
1
1
1
1
1
1
2
3
3
1
1
3
1
1
1
1
6
3
2
1
2
1
1
1
1
1
2
1
1
1
1
4
1
1
1
1
1
2
1
1
1
1
1
3
4
1
1
2
3
2
2
1
1
1
3
4
1
1
2
17
1
1
1
4
4
3
2
30
2
3
1
3
1
1
3
3
3
2
6
78
1
7
1
4
1
1
1
3
1
1
1
1
1
14
2
3
1
1
2
2
2
2
1
1
1
1
1
1
1
1
1
1
1
2
1
1
5
2
2
1
2
1
2
1
4
4
1
1
1
1
3
4
28
7
9
1
1
1
1
1
1
1
3
1
1
1
1
1
1
1
1
1
2
1
1
1
1
3
1
1
23
12
1
2
3
2
1
2
2
1
1
2
2
1
1
1
10
1
2
1
1
7
1
3
15
2
1
1
1
1
1
3
4
1
14
2
2
2
1
1
1
4
4
1
1
2
1
1
1
1
1
1
1
1
3
1
1
1
1
1
2
2
2
1
6
1
1
2
2
1
1
6
1
2
1
1
6
1
11
1
1
1
1
32
1
1
1
1
1
1
1
1
2
1
1
1
1
1
1
1
2
3
1
1
1
1
1
2
2
1
3
1
1
1
1
1
1
1
1
1
1
2
1
1
2
9
3
2
1
2
2
1
1
2
3
4
1
1
1
3
3
2
1
2
2
1
1
1
4
1
1
2
7
2
1
1
1
18
1
1
3
2
1
2
2
1
6
2
5
10
1
1
1
1
1
1
1
1
4
2
1
33
1
4
5
1
1
1
15
1
1
1
2
4
1
1
1
1
1
1
1
6
4
1
2
1
4
1
2
3
1
7
1
1
1
1
1
1
1
1
11
1
17
1
3
3
1
1
4
1
1
1
7
5
2
1
1
3
3
6
1
1
1
3
3
3
2
1
1
1
2
2
1
12
1
1
2
1
1
1
1
11
1
1
1
1
1
2
2
1
12
4
1
2
1
1
7
1
1
1
1
1
3
1
1
1
3
1
1
11
2
2
2
12
1
1
1
9
2
1
2
3
2
16
20
5
6
1
1
1
3
4
4
10
2
1
3
1
1
1
1
2
1
1
3
1
2
1
1
1
1
1
14
2
7
2
1
2
7
32
5
2
3
1
1
2
2
2
1
48
1
2
2
4
1
1
1
1
1
5
1
1
3
4
1
5
1
1
2
1
1
12
1
4
1
1
3
1
1
1
5
2
1
1
1
6
1
6
5
1
8
1
2
2
1
1
1
3
1
2
1
1
1
1
2
1
1
1
1
1
4
12
7
11
1
4
2
1
2
3
3
6
2
1
1
4
1
1
1
6
1
1
1
1
1
2
1
1
2
9
12
1
1
1
1
1
2
1
1
2
1
2
1
1
1
3
2
1
7
1
102
2
1
2
16
1
1
2
1
2
1
1
6
4
1
1
3
2
1
3
2
1
22
3
2
2
1
1
1
1
1
1
1
7
1
7
1
1
1
2
1
3
1
2
4
1
8
1
1
2
1
1
1
1
3
1
1
1
1
1
1
3
1
1
2
1
2
1
1
7
1
8
24
5
1
7
4
1
6
8
2
1
5
10
1
2
2
1
1
1
1
5
5
6
1
7
2
1
3
1
1
1
5
1
4
1
4
1
1
1
5
1
1
3
1
1
9
9
4
2
1
2
1
2
1
1
2
1
20
2
14
2
1
11
1
8
2
1
12
3
2
3
8
6
14
1
21
12
4
5
3
12
3
1
2
1
1
1
2
4
1
1
1
6
1
1
10
1
9
1
9
10
1
3
4
2
2
1
1
1
2
1
3
7
2
2
1
2
1
2
6
6
1
2
3
1
4
1
7
1
2
1
2
4
9
1
1
2
2
1
2
2
5
1
3
1
5
3
1
2
1
1
2
1
1
3
3
1
1
1
2
1
1
10
1
2
1
2
1
3
2
1
1
2
2
5
2
1
1
2
2
1
2
3
1
12
12
53
5
2
1
2
1
1
1
1
1
1
2
3
1
1
2
2
3
3
2
1
1
1
5
1
1
1
1
3
3
3
1
1
1
1
1
1
4
1
1
1
1
1
1
1
1
1
5
13
1
19
1
1
1
1
4
2
2
1
1
1
1
1
3
2
4
1
9
9
1
1
1
4
1
6
9
1
1
1
1
1
1
1
6
1
3
2
3
5
1
1
1
2
1
1
1
4
1
1
1
1
2
1
5
1
2
1
1
2
1
1
1
1
1
4
1
3
2
1
1
1
3
1
3
1
8
1
1
1
1
3
1
2
1
1
2
6
1
4
7
12
1
2
1
3
1
1
4
1
2
2
3
3
1
1
1
6
1
2
1
2
1
1
3
1
1
1
1
1
1
1
1
1
1
3
1
1
1
1
4
1
1
2
4
1
2
1
4
1
2
1
1
1
2
2
1
1
1
1
1
10
6
2
1
1
1
2
1
2
3
1
1
2
1
1
1
10
1
1
1
1
1
1
2
6
2
2
4
2
1
2
1
1
1
2
1
1
3
1
3
2
1
2
1
1
2
2
1
2
1
3
1
1
1
1
1
1
2
3
1
3
4
1
1
5
3
1
1
1
1
1
2
1
1
4
2
3
1
1
2
2
1
2
1
1
1
1
1
1
2
1
1
2
9
1
3
1
1
2
1
1
2
3
1
1
1
1
1
1
3
2
1
4
3
1
6
1
1
1
1
2
4
1
1
2
3
16
1
1
1
1
1
2
6
2
2
2
1
2
3
2
1
5
1
1
2
1
6
3
1
1
1
1
2
4
1
98
1
1
1
3
4
2
1
1
1
1
2
1
1
4
1
1
3
2
2
1
1
1
1
1
1
1
2
1
6
1
1
2
2
1
1
1
2
2
1
2
1
5
1
2
1
1
2
4
4
1
2
8
1
1
4
1
1
4
1
6
3
5
4
2
1
1
1
1
1
1
1
1
1
2
1
1
1
1
1
1
1
1
3
1
1
7
2
2
13
1
1
1
1
1
2
1
10
1
1
1
2
1
1
2
3
2
1
1
1
1
1
4
8
2
2
4
1
1
1
1
2
1
1
1
1
4
7
3
1
1
1
3
3
1
1
1
3
2
2
3
5
1
2
1
1
1
3
1
2
1
1
1
1
1
1
2
4
1
2
1
1
1
1
1
1
2
13
2
4
1
2
2
5
1
1
1
1
1
1
2
1
7
1
2
1
1
7
1
1
1
2
1
2
1
1
1
1
1
11
1
1
1
1
1
1
1
1
2
1
4
1
3
3
2
6
1
4
1
1
1
3
1
2
1
1
1
1
2
2
1
1
1
1
1
1
1
1
1
1
1
1
3
1
2
2
1
6
2
1
1
1
2
1
1
2
7
3
1
3
1
3
2
1
1
1
1
1
1
1
1
2
3
2
1
2
3
1
1
1
1
1
2
3
2
1
2
1
1
1
1
2
1
1
1
1
1
5
3
1
1
2
3
2
1
2
2
2
3
1
1
1
2
1
1
4
1
1
1
1
1
2
3
1
1
1
1
1
1
1
2
6
1
1
3
4
1
1
7
1
3
2
10
5
2
1
1
3
11
2
1
34
1
1
1
1
1
1
1
1
1
1
2
1
1
1
1
1
1
2
1
1
3
2
1
3
1
3
4
4
1
2
1
1
1
2
1
1
1
1
1
1
3
1
1
1
1
1
1
3
1
1
1
3
2
2
1
2
3
1
1
1
1
2
3
4
2
1
2
2
2
1
2
1
28
5
5
1
2
3
19
1
2
1
8
1
1
1
1
1
1
2
1
6
1
1
4
1
5
1
2
1
2
1
1
4
2
1
9
1
1
1
4
4
1
1
1
2
1
2
2
11
1
1
1
1
1
1
1
1
1
1
1
3
1
1
1
1
1
2
4
2
1
1
1
1
1
1
1
1
1
1
1
1
1
9
1
1
1
1
3
1
1
5
1
3
1
2
1
1
2
3
1
2
1
3
1
2
2
1
3
2
2
2
1
1
1
1
1
2
1
1
4
1
1
1
1
2
2
1
2
4
2
1
1
18
1
3
1
1
1
2
1
5
1
1
1
3
1
2
1
1
2
1
15
6
3
3
4
1
1
3
1
1
3
12
1
3
1
1
1
1
1
1
1
2
3
1
4
2
2
2
2
10
2
2
2
4
2
2
2
1
1
2
2
1
1
1
4
1
1
4
1
2
1
1
1
2
1
1
1
1
2
1
1
2
3
1
5
1
3
1
16
9
1
2
8
1
1
1
1
1
1
1
1
1
1
1
1
2
1
1
3
1
2
1
1
1
2
8
1
1
4
1
6
3
10
9
20
3
2
1
2
2
1
1
1
3
1
1
1
10
1
2
1
1
4
1
2
1
2
1
1
1
2
1
2
1
1
2
1
2
1
1
3
1
7
1
1
1
1
1
3
2
1
1
1
1
1
2
1
1
1
1
2
1
1
1
1
1
1
1
1
1
1
1
2
2
1
2
1
1
1
2
2
1
1
1
1
1
1
1
1
1
3
1
2
1
1
1
1
1
1
1
1
1
1
1
1
2
3
1
1
1
1
1
3
1
1
2
2
1
2
1
1
1
1
1
1
1
1
1
2
2
1
2
2
1
1
1
1
2
1
1
2
1
2
3
2
2
1
1
1
1
1
1
1
1
1
1
2
1
2
1
1
1
1
2
1
1
1
2
5
1
3
1
1
2
1
2
1
1
2
3
1
1
1
1
1
1
3
1
2
1
1
1
1
1
2
1
2
1
1
1
2
2
2
3
1
2
3
3
6
1
1
1
1
1
1
1
1
3
1
2
4
1
1
7
1
3
10
1
1
1
4
114
4
1
1
1
1
1
1
4
1
1
1
1
1
1
1
1
1
3
1
1
1
1
1
1
1
2
2
6
1
2
2
3
3
1
1
1
1
1
8
2
1
6
1
2
2
1
6
1
1
1
2
6
2
1
1
1
1
1
7
1
2
5
1
1
1
1
1
2
3
1
1
1
1
2
1
1
1
2
1
1
1
1
1
1
1
1
1
1
1
1
5
1
1
2
1
1
1
3
1
2
1
1
2
4
1
1
1
1
1
1
3
1
23
1
3
5
2
1
1
2
6
2
1
4
1
1
1
1
1
3
6
1
1
1
1
4
1
5
1
1
3
1
3
2
1
8
1
2
2
1
2
2
1
1
1
1
2
1
1
1
1
1
1
1
2
1
4
1
42
1
1
1
1
1
2
1
2
1
3
1
1
1
15
1
1
2
1
2
1
1
1
1
1
1
2
2
1
1
1
1
1
1
1
1
1
1
3
2
1
1
3
2
1
1
1
2
1
1
2
1
1
1
1
1
4
1
7
1
2
1
1
1
1
1
1
1
2
1
2
1
1
2
2
2
1
2
1
1
1
1
1
2
1
3
1
2
4
2
1
6
1
2
1
1
1
2
1
1
1
1
3
3
1
1
1
1
1
1
1
2
1
1
2
1
1
1
1
1
1
1
1
6
1
4
6
1
1
2
3
2
1
1
1
1
1
1
1
1
1
2
1
2
1
2
1
1
2
1
1
2
1
1
2
1
2
2
1
1
2
2
1
3
1
1
1
1
4
1
2
1
1
3
1
1
2
1
1
2
1
1
1
1
1
3
5
1
1
1
1
2
1
1
2
3
2
1
1
2
1
1
6
1
1
10
1
1
2
1
1
2
1
1
2
2
1
1
1
1
2
2
5
2
1
2
2
2
1
1
1
2
1
2
1
1
1
1
1
1
9
3
1
1
1
1
1
2
1
3
2
1
1
1
1
1
1
4
1
1
4
1
1
2
3
2
2
2
2
1
1
1
7
1
1
1
2
1
1
1
1
2
2
5
2
1
1
2
3
1
2
1
1
1
1
1
2
7
1
1
1
1
1
1
1
2
1
3
1
1
3
2
1
1
1
1
2
2
1
1
1
1
1
1
1
1
2
2
1
1
1
1
2
1
2
3
1
1
2
1
3
4
1
1
1
11
3
12
1
1
3
1
1
1
2
1
1
1
1
1
1
1
1
1
2
1
1
1
1
2
3
1
1
1
2
2
1
1
1
1
3
2
2
1
1
1
1
1
1
1
1
1
1
3
2
1
1
1
1
2
3
1
1
1
3
1
4
3
1
1
1
2
1
2
1
1
1
1
1
1
1
1
1
1
1
1
3
1
2
1
1
1
2
1
2
1
2
1
1
8
1
2
1
1
1
1
2
1
1
1
1
1
4
1
1
1
1
1
1
2
1
2
1
1
2
2
1
1
1
1
1
1
6
1
1
1
3
3
1
1
1
1
1
1
1
1
1
2
1
1
1
1
1
1
1
9
1
2
2
2
1
1
1
2
1
1
3
2
2
1
1
1
1
1
2
2
1
1
1
2
1
1
1
1
2
1
1
1
1
1
1
1
1
1
1
1
1
2
2
1
1
1
1
1
2
2
1
2
1
1
3
2
1
1
3
1
1
1
1
1
1
1
1
1
1
3
2
1
1
1
1
1
1
4
1
1
1
1
2
1
1
1
1
1
5
1
2
2
1
1
1
1
1
1
1
2
1
3
3
1
2
1
1
2
1
2
1
1
1
1
1
1
1
2
1
2
1
1
1
2
1
1
1
1
1
1
3
1
4
1
1
1
1
1
1
1
2
1
2
1
2
1
1
1
3
3
1
2
2
7
2
1
1
2
1
1
5
2
1
2
1
2
1
1
2
1
2
3
1
1
1
1
1
1
1
1
2
1
1
2
3
2
2
1
1
1
1
1
1
1
1
1
1
1
1
4
1
7
1
1
1
1
1
1
1
2
4
3
2
1
1
1
1
2
2
2
1
1
1
1
1
4
3
2
1
3
1
1
1
1
1
2
1
1
2
1
1
1
3
1
1
4
1
1
3
1
1
2
4
1
1
1
1
2
1
9
1
2
2
3
1
1
1
1
1
1
1
1
1
2
1
1
1
3
3
2
4
1
1
19
2
1
1
1
1
1
1
1
2
1
2
1
1
1
6
1
1
1
1
1
1
3
3
2
1
3
2
1
1
2
1
1
1
1
1
1
1
1
2
2
1
4
1
2
1
1
1
1
1
1
2
3
2
1
1
1
1
1
33
6
3
1
4
2
4
1
2
1
1
5
1
2
1
1
1
1
5
2
2
3
1
1
1
1
1
2
1
1
2
1
1
1
3
2
1
2
6
1
1
2
1
5
1
2
2
1
1
1
1
1
2
2
2
4
4
2
1
1
1
2
1
1
1
1
1
1
1
1
1
1
1
1
1
1
1
1
1
2
1
1
3
2
1
1
4
1
1
1
1
1
1
1
2
2
1
1
2
1
2
2
1
1
1
1
4
3
1
4
1
1
1
2
2
4
4
2
1
5
1
1
1
5
3
1
1
1
1
1
1
2
2
1
1
1
1
2
1
1
1
4
1
1
1
1
2
4
1
1
1
1
1
3
5
1
1
1
1
1
1
2
1
1
1
2
1
1
1
1
6
1
2
1
1
2
1
1
1
1
3
1
1
1
1
3
1
2
1
4
1
2
2
3
1
1
1
2
2
1
3
1
1
1
1
1
1
1
1
2
1
1
1
1
2
1
1
1
2
1
1
1
1
1
1
1
108
2
5
1
2
1
2
4
2
1
3
1
1
2
1
2
2
1
1
1
1
1
1
1
1
1
4
1
1
1
1
1
1
14
1
2
2
1
4
3
1
1
2
5
5
1
1
1
1
3
1
1
1
1
3
7
1
6
1
2
1
1
1
1
1
1
1
1
1
1
1
1
1
1
2
1
1
1
3
2
1
1
1
1
1
1
1
2
1
2
2
3
2
1
2
1
1
1
1
1
4
1
1
1
1
1
1
1
1
1
2
1
1
1
1
1
4
1
2
2
1
2
1
1
1
3
1
1
1
11
1
1
1
2
2
3
1
2
1
3
1
2
1
1
1
1
1
1
1
1
3
1
1
8
6
3
1
2
1
4
1
3
2
1
1
1
1
1
1
1
1
1
2
1
1
1
1
1
7
1
1
5
1
1
1
2
1
1
1
1
1
3
1
4
9
1
1
5
2
1
1
4
4
1
1
1
1
1
1
1
2
1
4
1
1
1
1
1
1
1
1
1
1
4
1
1
1
1
1
2
1
2
1
1
1
1
1
1
2
1
1
1
2
1
1
1
1
1
1
3
1
1
1
3
1
1
1
4
1
1
1
1
2
5
1
1
1
2
1
1
1
3
1
1
1
3
1
1
3
1
1
1
5
1
4
1
2
18
2
1
1
2
2
2
1
1
1
5
1
1
1
1
1
2
3
1
10
1
1
1
1
1
1
1
1
1
1
1
1
1
1
1
1
1
1
1
1
2
2
1
1
1
2
67
1
331
1
1
1
1
1
1
1
1
1
1
1
3
1
5
1
1
1
1
1
1
1
1
1
1
1
1
1
1
1
2
1
1
1
1
1
2
1
1
1
1
1
1
101
1
6
2
1
1
1
3
1
1
1
2
1
1
1
2
2
8
3
1
1
1
2
2
2
9
1
1
1
1
3
2
1
1
1
2
1
1
26
1
1
1
2
1
2
2
1
1
1
1
1
1
1
3
1
1
1
1
1
1
3
1
1
1
1
1
1
1
1
1
4
1
1
1
1
2
1
1
1
1
1
1
3
1
1
1
2
1
1
1
2
1
1
1
1
2
4
1
1
1
2
1
1
11
1
2
2
1
2
1
2
4
3
1
1
1
1
1
2
1
1
1
1
1
1
1
1
1
3
2
1
1
1
1
1
6
1
2
1
1
1
1
1
1
1
1
2
1
2
1
1
1
1
1
3
1
1
1
1
1
1
11
9
2
1
1
1
1
1
3
1
1
6
1
1
2
2
1
1
1
1
1
2
1
1
2
1
1
1
1
1
2
1
1
1
2
1
1
1
2
1
1
1
1
1
2
1
2
1
2
1
9
1
3
1
3
3
1
1
1
2
1
2
1
1
1
1
1
1
1
1
1
1
1
1
1
1
1
1
1
1
1
1
1
1
1
1
1
1
4
1
1
1
1
1
10
10
3
2
1
1
1
1
2
1
1
1
1
1
1
3
3
1
1
98
2
7
1
1
1
1
2
1
1
16
3
4
1
1
3
1
5
1
1
2
1
4
3
2
1
1
1
1
2
1
1
3
1
1
1
1
2
5
1
2
69
1
2
1
1
1
1
2
1
1
1
1
3
1
1
1
2
1
1
1
1
1
1
1
1
1
1
2
2
2
1
1
4
1
2
1
1
1
1
3
1
1
1
1
1
1
1
3
1
1
1
1
4
1
1
2
1
1
1
1
1
1
1
4
1
1
3
2
1
1
1
1
1
1
1
1
1
1
1
1
1
1
1
1
1
1
2
1
1
2
1
1
2
1
1
10
2
1
3
2
1
1
1
1
2
2
1
3
2
2
1
1
1
2
2
1
3
1
2
1
2
1
2
1
1
1
1
1
1
1
1
3
4
2
3
1
1
1
1
1
1
1
1
1
1
2
3
1
2
1
1
1
1
1
1
1
1
5
2
1
1
1
2
1
1
1
1
2
1
1
1
1
1
1
3
4
1
2
1
4
1
3
1
2
8
1
1
1
1
1
1
1
1
1
1
3
1
1
1
1
4
9
1
1
1
2
2
1
3
3
1
1
1
3
1
1
1
4
1
1
1
1
1
1
1
1
7
1
1
1
1
1
1
1
1
1
1
3
1
1
1
4
1
2
1
1
1
1
1
2
1
1
1
1
1
1
1
1
1
3
1
1
2
1
1
4
1
1
1
5
4
1
1
1
1
1
17
1
1
2
2
2
2
1
1
1
1
1
1
1
3
2
4
8
2
1
2
1
1
1
1
1
1
1
1
3
1
1
1
1
2
1
3
1
1
1
1
1
1
4
1
1
1
1
1
1
1
1
2
2
1
4
4
1
1
2
1
1
1
1
2
1
1
1
1
1
1
1
1
1
1
1
1
1
1
1
1
2
1
1
1
1
1
1
1
1
2
1
1
1
2
1
1
3
2
1
2
1
1
1
1
1
1
11
1
1
1
1
1
1
1
1
1
1
1
1
3
7
3
2
1
1
1
1
4
1
1
2
1
2
2
1
1
1
14
1
1
1
1
1
1
1
1
3
2
1
1
1
1
5
1
1
1
1
1
1
1
2
1
2
1
1
1
2
2
2
6
2
1
1
1
1
1
1
5
1
1
1
1
1
1
2
1
1
1
1
1
1
1
2
1
1
2
1
1
1
2
3
3
1
1
1
20
1
3
3
1
1
8
1
1
1
4
1
1
1
4
1
1
1
1
1
1
1
2
1
2
2
1
3
1
1
2
1
1
1
6
1
2
1
2
1
2
2
2
2
1
2
2
2
1
1
1
1
1
5
1
2
1
1
2
2
1
1
1
2
1
1
1
1
3
1
1
1
1
1
2
2
1
1
1
4
1
1
1
2
4
1
1
1
4
1
1
1
1
4
1
1
1
1
1
1
1
1
1
1
1
3
1
1
1
1
4
2
1
1
1
1
1
1
1
1
1
1
3
2
1
1
1
1
1
1
1
1
1
1
1
1
2
1
1
3
1
1
1
1
1
2
4
1
1
1
2
1
1
1
1
1
1
1
1
1
8
1
5
2
1
1
1
1
3
2
1
5
1
2
2
1
1
4
1
1
1
5
1
1
1
1
1
1
1
1
1
1
1
1
1
1
12
2
1
2
2
1
1
2
2
4
1
1
2
1
1
1
2
3
2
2
1
1
2
1
1
1
1
1
1
1
2
1
2
2
1
1
2
2
1
60
1
1
1
1
1
1
2
1
1
1
1
1
1
1
1
1
153
1
2
1
1
1
2
2
1
1
1
1
1
1
1
1
1
1
1
1
1
1
2
1
8
1
1
1
1
2
1
1
3
1
1
1
2
1
1
1
1
1
1
2
2
1
1
1
1
1
1
1
1
1
2
1
1
1
1
1
1
2
1
44
1
1
1
1
1
1
1
1
2
1
2
1
1
1
1
5
1
1
1
1
1
2
2
1
1
1
3
1
1
1
2
22
7
2
1
1
1
1
1
2
2
2
1
1
1
2
5
1
4
1
1
1
1
1
1
2
1
1
1
1
1
1
1
1
1
1
1
1
1
1
2
5
4
1
1
2
1
1
5
1
1
2
2
3
1
1
1
6
2
1
1
2
6
1
1
4
2
1
1
2
4
1
2
1
1
2
1
3
1
1
1
1
1
2
1
1
1
1
1
1
1
2
1
1
1
1
1
1
1
4
2
1
1
1
1
1
1
1
8
1
1
1
1
1
1
14
2
1
1
1
1
1
1
1
1
3
1
1
1
1
2
1
1
1
1
1
1
1
1
1
1
1
5
1
1
1
1
1
1
1
3
1
1
2
1
1
1
2
2
2
2
1
1
1
1
1
1
1
1
1
1
2
1
1
1
1
1
1
1
1
1
1
1
1
1
1
1
1
1
1
1
5
4
73
1
1
5
1
46
1
1
5
58
2
1
1
1
1
11
11
3
3
3
1
1
1
1
1
1
17
1
61
1
1
1
6
2
1
2
32
1
1
1
1
1
1
5
1
2
2
2
1
1
1
1
1
1
3
2
2
4
1
1
8
1
28
1
2
1
11
1
1
1
1
1
1
4
1
1
1
3
2
1
1
3
2
1
2
4
3
1
2
1
1
1
1
2
1
1
1
7
39
1
4
5
44
2
75
100
11
1
1
2
1
1
1
2
3
9
5
1
1
1
26
1
1
1
2
1
1
1
3
1
1
1
1
1
1
1
1
2
1
1
13
3
16
16
1
3
4
1
1
1
1
1
1
11
4
1
21
11
2
1
1
4
2
3
1
2
28
2
5
2
11
1
2
1
3
10
30
1
2
2
12
2
8
2
5
1
1
3
1
4
2
1
1
1
1
1
1
1
2
4
14
29
58
6
1
2
1
1
3
2
1
8
1
1
2
1
2
3
17
1
1
1
1
3
1
2
2
1
8
7
3
1
1
1
1
1
2
2
4
1
1
2
1
1
6
1
1
1
1
1
1
18
18
11
1
1
2
4
7
1
1
1
2
2
28
2
1
1
1
6
2
1
1
1
1
9
1
6
5
1
6
11
8
1
1
3
3
2
1
1
2
2
2
1
5
11
6
1
5
4
1
1
2
12
2
1
4
6
5
2
3
1
2
1
1
3
4
3
1
2
1
1
1
1
3
1
1
1
1
1
1
1
5
1
1
1
5
1
1
2
1
12
2
2
1
1
1
2
2
2
12
1
1
4
1
1
1
1
1
1
2
1
1
3
5
2
1
1
1
1
1
1
3
2
2
1
33
1
4
5
3
1
1
2
4
4
2
3
1
3
2
2
1
2
2
1
1
3
1
1
2
2
2
1
3
2
2
3
1
2
1
3
3
3
2
1
1
3
5
1
6
3
2
1
4
1
1
1
3
3
1
1
2
1
1
2
1
1
4
2
1
1
14
1
1
9
12
2
2
1
1
1
1
1
1
1
1
22
5
2
7
1
1
1
1
1
5
2
2
2
1
1
2
2
1
1
1
1
1
1
1
2
1
4
1
4
1
4
2
1
2
2
2
1
1
1
1
1
1
1
1
1
1
1
3
2
1
4
5
3
1
3
2
1
1
20
1
1
2
2
1
1
4
4
1
1
1
4
1
8
7
3
1
1
2
1
2
1
1
4
1
1
1
1
4
1
1
2
2
1
8
1
2
2
1
2
1
1
1
1
1
2
1
1
2
1
4
2
1
2
1
1
3
1
3
1
2
2
1
2
2
12
1
1
1
1
1
1
17
1
2
2
1
1
4
2
2
1
1
1
1
1
1
1
1
2
2
2
5
7
9
2
1
2
1
1
1
1
1
2
1
2
1
1
2
1
3
1
1
3
1
6
1
1
4
1
2
1
3
2
7
1
1
1
1
4
1
1
4
1
1
2
2
1
2
2
4
1
1
1
1
1
1
4
1
1
1
1
1
2
1
1
1
1
2
1
3
2
1
2
1
5
1
2
1
2
1
1
5
1
6
4
1
1
1
1
1
1
1
1
3
1
1
1
1
1
1
1
1
4
2
2
2
1
1
1
1
2
2
1
1
2
1
2
12
8
1
1
4
1
1
1
1
1
2
1
1
2
4
4
2
1
4
1
1
4
4
1
1
1
1
1
1
2
1
1
2
1
2
1
1
1
1
1
1
2
2
1
1
1
2
10
2
3
3
3
6
3
1
1
1
1
1
3
2
1
2
1
1
1
1
1
2
1
1
4
2
1
1
2
1
2
1
2
1
2
2
1
1
1
1
1
1
2
1
1
1
2
2
2
1
1
3
1
3
1
1
2
1
2
3
4
3
1
1
2
1
1
1
2
2
2
1
1
1
2
1
1
1
2
1
1
2
6
1
1
1
1
2
1
2
8
1
3
1
1
1
6
1
2
1
2
1
1
2
1
2
1
1
1
2
1
4
1
1
1
2
2
1
1
1
7
1
2
2
4
1
2
2
3
7
1
1
1
1
6
1
1
2
1
2
1
1
1
1
2
1
1
1
3
1
1
1
1
1
1
2
1
1
1
2
1
1
1
1
1
2
2
1
1
1
1
1
2
1
2
2
2
1
1
1
1
1
3
1
2
2
2
2
1
4
1
1
1
1
1
1
1
1
1
2
2
1
1
1
2
2
1
1
1
1
1
4
1
1
2
1
1
2
2
1
1
1
1
2
2
2
2
1
3
1
1
1
1
3
1
1
1
1
1
2
1
1
1
1
1
1
1
1
1
2
1
1
1
1
1
1
1
2
1
2
1
1
1
1
1
1
1
1
2
1
1
2
1
1
1
1
1
2
2
2
1
1
1
2
1
1
2
1
1
1
2
1
1
1
1
2
1
1
1
1
1
5
1
1
2
1
1
2
1
1
1
1
1
1
1
1
1
1
1
2
1
1
1
1
1
1
4
1
1
2
7
1
1
1
1
1
1
1
1
2
2
1
1
1
1
1
3
2
3
1
1
1
2
1
1
1
1
1
1
1
1
2
2
1
1
1
1
1
1
1
1
1
1
1
1
1
3
3
1
3
1
3
1
2
2
2
2
1
1
2
1
1
1
1
1
1
1
1
2
1
1
1
2
1
1
1
2
2
1
2
4
1
1
2
1
1
1
1
1
1
2
1
5
1
1
1
1
1
2
4
1
1
1
1
1
1
1
2
3
3
1
1
1
2
1
4
1
1
1
3
1
2
2
1
2
1
1
1
1
2
1
1
2
1
1
2
1
1
1
3
1
2
3
1
1
1
1
1
1
1
1
1
1
1
1
1
2
1
1
1
1
1
1
1
1
1
1
1
1
1
1
2
2
2
1
1
1
1
1
1
1
2
1
1
1
1
1
2
2
2
2
1
1
1
2
2
1
1
1
1
1
3
1
2
1
1
1
1
1
1
2
2
1
1
1
1
1
1
1
1
2
1
2
1
1
1
1
1
1
2
1
2
1
1
8
1
1
1
1
2
2
1
1
1
1
1
1
1
3
2
2
1
2
1
1
1
1
1
1
1
1
1
1
1
1
1
1
1
1
1
1
1
1
1
1
1
1
1
2
1
1
1
3
1
1
2
1
1
1
1
2
1
1
1
2
1
2
1
1
1
1
1
1
1
1
1
1
2
1
1
2
1
5
2
1
1
2
1
2
1
1
1
2
1
2
1
1
3
3
1
1
1
1
1
1
1
1
1
1
1
1
1
1
1
1
1
1
1
1
1
1
1
1
1
1
1
1
1
1
1
1
1
1
1
1
1
2
1
1
2
1
2
1
2
1
2
1
1
2
1
1
1
5
1
2
2
1
1
1
1
1
1
1
1
1
1
1
2
1
