1
1073
2423
635
1373
4
204
16940
210
190
576
781
1920
1794
2534
49
20
8469
2661
296
125
322
2823
184
1527
5310
35
1614
9491
1606
81
4985
1797
1011
890
5287
367
4796
1462
1325
385
585
3320
501
373
1653
627
149
318
5068
162
1036
1802
1480
1419
1153
12
1605
4046
289
96
1239
15261
744
1
1387
395
236
1016
390
296
381
919
543
4281
683
1682
361
5399
1995
5363
117
301
652
1381
4272
1041
829
921
4659
410
479
3249
562
821
10625
944
2659
95
308
1695
11
1850
688
605
424
879
3
1146
274
1493
304
101
475
249
1606
1273
4634
11
715
1011
509
654
1717
1716
16
138
12
1201
516
1379
1749
1299
1790
2937
1327
822
2535
1050
1887
6451
1046
3641
1962
319
826
77
18
777
431
1813
181
867
34
1207
2988
778
59
25
66
436
4086
619
201
1390
2946
349
1798
275
3729
1
325
122
136
3996
98
85
65
4549
464
265
486
67
153
34
1241
289
4856
2313
5
503
916
392
1031
2798
338
9149
100
43
577
11
697
645
263
390
43
7167
29
5222
2339
554
7713
3451
1088
563
247
227
4584
1701
70
530
224
285
2232
5588
342
66
2183
2435
321
3073
176
4339
1917
343
921
1012
999
94
513
7
87
113
330
661
99
196
110
1084
90
74
9
663
12
17
217
632
4092
9
3942
1399
1434
4510
197
7
430
1128
309
991
551
2042
869
527
444
1961
4906
1123
50
1495
177
363
6
560
152
634
98
273
326
536
185
57
2811
787
2364
1129
633
315
8
201
1576
77
1943
1208
860
382
4878
64
2971
336
361
146
443
4412
45
758
644
5
675
277
565
1146
50
4066
281
1063
1137
1583
45
309
378
140
348
336
5176
1951
103
32
29
52
356
31
215
1263
48
8
1
1
1199
1043
1
72
8
37
9
31
833
1
11
78
1
2
1
297
8
11517
340
145
1878
1772
881
2872
72
1726
296
25
343
7
13
3829
152
437
147
625
246
729
195
6
106
3
200
158
47
353
89
150
136
474
363
93
696
1
1
711
132
430
112
1174
221
262
341
401
655
142
4679
187
175
916
1873
193
393
448
23
164
13
1893
1051
98
89
121
12
621
68
595
942
11
1645
2
125
295
27
456
2
278
68
68
747
485
34
205
80
130
421
665
340
354
234
40
50
420
969
2724
445
8
850
440
102
25
6086
94
4270
403
3
149
1035
37
241
342
2
269
565
133
6
646
102
385
160
27
383
1784
130
359
22
2
793
1371
258
297
22
264
22
1547
222
637
2143
82
266
2
131
16
156
205
527
2
219
293
178
312
29
1163
626
2054
2
8
11
47
3180
20
887
15
250
127
13
952
303
241
137
34
950
637
127
174
442
416
34
118
729
385
1070
3134
161
407
515
95
664
683
366
618
1135
238
266
102
194
928
1576
128
419
775
41
309
405
48
101
1104
614
303
244
48
146
40
231
53
17
2353
153
36
234
88
695
321
67
62
232
1467
407
498
662
29
1332
166
679
729
13
190
674
495
290
23
53
29
1223
200
368
85
463
1519
16
128
24
284
58
2284
39
97
308
199
162
392
390
80
91
367
865
185
944
305
368
205
64
37
89
915
38
107
1979
1373
1439
763
885
212
209
21
1157
121
130
1177
2
628
30
478
1238
1461
117
440
147
1399
2
215
957
753
152
4025
46
32
78
1132
415
2217
116
785
13
24
361
1800
117
620
1545
1549
246
724
1524
184
43
403
14
500
6
390
13
468
961
434
318
130
38
143
203
200
146
165
838
11
842
159
65
418
231
234
45
42
315
876
668
4
692
9306
398
436
206
1976
466
1097
22
11
94
280
417
284
117
224
2159
332
620
843
84
5
115
297
2356
166
182
116
262
594
802
2031
350
516
8
14
28
18
4
79
145
163
157
406
280
5
30
548
55
296
440
122
340
12
839
2597
57
47
319
599
66
24
684
139
486
105
1818
120
438
167
150
331
401
15
2
50
141
191
182
2235
408
4
120
28
591
52
1409
320
864
1267
375
143
284
752
30
892
175
747
1380
415
33
2455
141
242
918
323
167
24
234
34
2095
48
12
1199
56
115
4
434
579
400
180
27
894
559
613
345
418
1609
454
146
667
1
132
583
479
456
599
404
2540
195
507
2175
562
415
1981
220
1055
142
34
40
2048
138
55
53
13
251
4
2450
887
1616
82
490
84
240
2367
6
19
921
119
332
17
610
197
698
391
4101
845
362
7
169
108
2
23
430
324
121
224
354
42
341
7
18
487
136
353
25
28
1427
49
7
48
996
15
302
4
149
397
1400
330
155
204
225
956
2
710
81
3301
326
66
65
1786
1340
6
203
86
521
906
1349
280
1006
103
937
1325
152
115
327
222
141
532
53
787
503
512
17
19
216
291
886
477
1583
45
69
8
15
3
102
26
464
139
129
41
1152
161
17
315
156
12
94
191
1374
1046
56
48
523
124
37
3
24
229
220
3
370
110
143
434
24
140
819
120
313
8
1661
13
248
577
109
395
29
408
15
2795
869
685
91
359
130
33
119
7
8
132
23
1846
41
1
70
233
454
1250
48
639
138
93
53
1
40
248
44
850
204
379
206
395
913
165
461
1
34
1125
458
344
452
120
94
167
846
20
3
1056
19
19
351
111
18
933
2
2016
192
182
6
3231
847
367
1378
40
67
226
20
101
6
54
65
35
1
944
2
4
8
953
1
975
5134
339
33
3
270
2
219
342
116
4
86
52
1227
18
1
1
8
28
185
30
1
38
82
10
334
2
314
304
1
166
456
167
426
140
168
257
13
2662
107
410
136
3
26
312
64
270
985
281
18
1
175
1
1656
8
14
1053
152
129
221
217
77
308
165
172
507
42
53
958
227
733
177
562
65
2203
172
144
6
173
303
41
357
2
37
396
338
217
193
533
117
54
168
114
3409
1
204
113
12
114
200
494
529
65
139
1
133
9
1394
4
149
159
77
4
170
79
160
152
120
155
467
4
15
356
475
1431
97
973
712
141
208
830
62
18
253
40
81
240
78
222
5
54
48
144
672
1
398
2
918
8
152
445
98
190
112
108
11
760
279
5
1482
105
36
657
99
65
151
8
1547
47
183
285
624
805
335
181
310
118
26
44
270
1275
234
88
2
242
64
131
140
245
2
32
64
50
783
118
238
719
483
531
39
1673
1096
336
84
14
6
330
515
1618
1329
672
140
283
27
792
543
101
1067
104
157
108
338
40
641
4
25
321
1
100
124
42
140
6
8
87
80
94
95
161
72
15
1
76
304
24
106
220
56
3
11
191
325
316
17
2121
97
475
632
213
4
155
268
121
16
122
399
1
225
60
550
356
27
16
21
14
437
283
20
5
341
275
1
705
196
513
100
39
453
482
248
176
302
107
86
112
914
37
184
57
41
248
11
40
384
402
65
490
797
7
110
140
27
798
491
151
19
59
95
208
328
504
241
116
6
10
22
75
103
137
3
398
75
68
108
25
66
183
204
406
36
66
2965
144
387
3
1
31
583
118
44
161
351
86
1087
103
186
501
2
101
38
270
40
51
1
148
29
23
100
11
359
362
64
80
420
125
108
139
1073
102
40
52
72
76
204
3
206
6
31
481
13
1931
222
50
522
8
8
727
654
39
205
82
421
647
63
136
460
42
428
174
236
461
524
34
378
67
112
891
153
292
161
785
891
496
393
2
61
443
403
954
9
541
12
11
89
162
44
18
217
835
368
257
17
1
1
56
736
177
1831
664
446
437
4874
576
88
6
648
802
417
234
6
241
51
196
67
96
634
55
289
443
5
299
1
233
2771
85
553
360
83
385
2454
151
634
19
700
109
28
434
365
407
172
295
61
485
166
38
782
196
582
395
649
204
2616
20
101
1551
209
466
524
100
4948
299
801
823
197
295
55
192
2233
749
8
373
114
464
14
452
115
314
324
199
362
12
50
430
121
2
288
76
395
583
80
160
33
1387
188
368
682
507
333
20
30
56
588
62
97
108
50
25
231
453
167
28
466
460
42
23
401
13
5
31
154
96
47
8
1
12
49
79
41
306
1199
23
6
60
17
16
170
820
150
4
5
85
20
2
53
80
20
64
290
90
27
260
1214
82
9
18
457
37
50
62
121
253
221
157
51
253
458
135
328
149
431
35
171
45
247
1
44
454
178
301
58
27
133
118
195
1
335
231
145
55
29
518
37
45
189
29
152
714
22
25
879
15
295
179
563
1241
253
148
613
30
113
17
418
86
215
1
70
15
34
1
12
602
329
456
16
67
59
38
62
185
227
459
83
192
13
26
279
25
215
9
33
3
2
14
50
39
18
243
323
80
91
9
50
60
104
559
53
230
2
24
19
2
77
7
116
124
144
499
75
199
44
106
324
66
1
215
179
84
279
117
6
33
184
75
102
1039
32
500
87
9
67
39
76
37
2
260
186
630
666
379
89
20
22
28
10
606
2
194
456
75
72
247
4
228
216
144
63
133
252
2
90
559
442
93
120
2
549
40
9
246
1
21
149
443
38
228
2
68
20
62
106
22
644
1
23
21
17
30
539
9
50
394
615
46
23
16
28
77
68
4
66
819
21
55
5
2
15
194
19
4
4
26
45
25
2
145
911
296
300
4
1
878
103
5
315
233
89
243
242
6
18
35
217
20
184
60
19
128
247
333
4
138
26
318
264
1
27
212
927
210
55
126
769
5
19
497
4
395
81
7
13
78
1244
2
149
147
325
406
25
41
420
68
335
64
103
112
29
237
99
78
75
13
88
65
429
9
71
139
50
24
232
4
29
41
64
56
6
31
420
73
19
152
7
2170
35
133
6
458
1
109
79
552
676
21
23
176
67
25
199
13
569
35
160
4
1589
26
431
302
28
219
31
112
537
315
265
13
30
172
22
4
81
11
244
144
101
19
80
11
68
324
2
4
74
241
102
136
58
108
14
7
194
101
719
70
81
1351
13
451
75
166
12
23
159
68
33
101
48
1
136
187
11
5
30
31
28
266
51
28
2
26
181
1304
89
487
13
3
1175
424
7
33
147
524
7
631
11
40
128
16
52
93
59
138
7
1
12
15
227
3
12
30
318
51
3
275
228
274
99
27
25
45
356
6
39
28
65
29
91
32
223
332
47
136
50
149
66
10
13
2
81
3
15
5
15
56
109
40
3
6
4
204
192
216
24
220
148
38
57
21
2
1
172
554
28
13
74
10
52
418
3
198
5
71
8
217
365
331
20
29
82
3
23
51
4
3
52
229
171
102
13
23
37
41
47
58
477
44
39
98
21
52
57
35
8
6
79
102
107
36
9
5
73
80
46
25
26
8
54
394
92
73
81
63
40
100
59
11
10
6
33
682
63
7
171
36
4
479
84
142
30
233
89
32
46
66
10
36
2
17
27
29
5
5
2
152
10
16
38
41
39
31
117
86
15
177
53
3
86
50
124
2
42
4
445
116
137
9
19
48
7
4
8
308
30
129
5
265
7
456
532
169
75
99
3
34
182
124
54
39
672
8
21
93
24
140
61
68
3
109
18
2
47
83
2
4
21
30
8
32
11
30
10
243
149
83
95
73
201
86
182
2
15
2
19
47
2
3
4
190
63
203
45
8
90
184
13
3
2
6
182
8
44
99
12
80
2
69
9
2
4
6
15
12
2
301
5
153
2
162
30
29
5
79
46
79
25
670
68
271
953
92
41
476
50
167
157
10
28
16
70
351
91
60
288
26
1
26
2
36
291
338
5
250
2
52
28
454
21
114
167
20
105
15
261
288
79
25
100
12
35
36
2
461
51
27
65
2
309
69
136
10
198
9
37
255
2
159
47
154
371
14
7
21
10
123
2
38
3
34
14
29
63
21
9
26
189
83
35
10
98
64
26
6
1
172
39
17
54
433
27
20
28
417
98
116
305
157
305
548
3
22
4
34
1
1
31
73
77
64
1
48
540
891
312
42
41
44
4
255
172
2
3
158
1
30
28
58
122
6
73
97
3
9
165
32
101
114
21
62
98
88
6
53
36
404
42
43
42
102
6
460
29
304
178
23
495
22
11
218
55
2
38
44
182
2
20
7
414
380
6
12
216
2
72
7
1
30
16
2
92
46
33
7
3
663
15
397
95
64
4
58
121
67
243
72
2
98
357
106
99
20
89
169
1
2
61
163
36
18
1046
460
7
100
118
1
140
13
30
51
59
91
138
7
81
286
2
29
37
128
1
45
1
5
12
41
1
480
62
276
31
1
9
2
26
34
508
193
18
6
4
64
694
4
2
71
37
9
112
8
7
1
92
71
11
3
67
99
75
7
71
152
84
84
191
23
148
23
227
139
118
428
180
3
1
20
167
44
29
7
29
51
97
3
48
1
15
97
1
125
18
1
151
266
1
7
124
21
25
20
1
149
1
85
180
2
2
13
47
2
35
7
71
36
5
142
77
438
1
1
3
50
54
1
10
4
11
7
10
11
35
43
23
103
41
193
10
68
163
10
3
174
16
174
11
26
17
44
96
218
6
27
44
227
14
129
134
167
176
55
56
92
2
8
183
74
21
667
4
7
80
219
350
2
2
2
82
18
65
10
60
6
34
2
2
22
37
7
246
563
211
28
18
10
201
14
20
30
3
199
8
58
161
124
31
24
5
97
2
7
38
78
2
35
7
2
291
2
2
2
8
186
5
11
195
39
2
3
94
85
14
119
37
2
17
2
235
24
2
34
100
17
422
199
29
3
7
2
14
3
2
2
140
130
15
80
196
3
2
246
238
80
33
2
2
32
2
2
2
2
112
318
10
2
59
11
2
9
101
2
120
4
67
2
20
2
133
127
3
45
75
45
113
5
124
252
24
222
6
4
69
15
2
11
8
175
30
180
2
17
18
19
5
2
34
2
47
133
18
33
9
182
102
104
6
27
16
17
533
65
455
427
234
109
130
67
142
5
73
22
3
59
2
37
328
55
17
11
7
64
33
15
55
14
7
35
40
11
2
277
34
41
28
26
33
1
24
11
3
29
8
7
5
30
125
43
22
2
2
22
33
3
3
3
2
132
4
8
3
11
653
47
1
2
10
2
320
3
39
2
57
61
2
840
41
13
2
20
4
7
2
6
1
7
111
7
17
467
58
4
54
39
45
1
2
13
2
29
115
1
1
6
1
44
1
20
5
66
2
1
5
12
40
17
9
20
5
38
48
6
31
52
1
113
13
26
4
2
90
83
26
98
42
3
5
25
154
2
276
59
79
217
45
132
75
111
4
71
2
59
10
42
2
28
34
38
6
43
4
34
29
2
10
21
261
68
20
2
141
16
11
2
32
77
8
1
12
34
24
32
25
8
20
21
7
16
52
2
11
9
48
8
22
930
9
21
44
84
28
88
2
64
169
30
15
13
33
20
10
27
24
10
84
8
8
78
69
2
5
2
109
53
91
298
180
3
18
30
63
8
304
2
146
35
142
43
2
32
20
14
15
118
21
26
5
48
2
8
11
42
32
6
17
95
1
6
10
4
3
26
9
16
145
13
9
27
16
5
8
27
28
10
55
66
34
1
9
55
13
12
2
165
343
68
8
18
14
97
4
10
5
12
15
56
205
310
21
6
2
135
34
49
80
42
4
2
19
321
6
56
33
9
20
17
39
34
2
25
175
13
14
29
1
7
16
5
2
3
21
1
188
20
6
5
33
22
89
18
5
2
81
48
77
4
5
349
17
14
5
2
161
120
3
11
1
39
168
44
134
78
13
4
2031
12
4
5
57
103
220
9
7
13
2
252
210
77
85
9
28
118
31
3
8
20
9
18
19
31
5
51
21
55
38
7
5
90
40
1
53
2
74
326
38
279
11
1
2
2
1
23
1
18
172
26
28
11
22
4
54
4
413
49
2
5
183
42
4
2
25
1
3
366
6
21
97
3
14
59
520
10
78
21
22
6
23
30
9
5
5
31
155
22
1
11
15
40
4
5
24
65
123
326
4
133
6
2
1
4
325
1
284
17
2
136
18
117
15
123
186
34
78
2
17
1511
21
3
2
27
27
35
119
34
52
105
132
4
28
30
55
10
124
6
24
4
40
2
2
51
6
2
67
30
195
22
15
111
19
24
15
8
4
40
66
57
46
303
7
51
9
408
12
12
91
65
20
49
10
4
101
6
3
351
176
2
8
55
23
71
18
129
9
64
145
1
49
3
4
23
63
21
24
23
5
1
46
34
21
300
499
47
3
1
27
32
20
47
2
5
43
44
2
121
39
8
153
10
42
8
2
2
83
14
53
2
30
23
51
3
3
5
4
36
2
4
43
1
155
16
2
2
482
53
12
44
46
13
30
93
2
229
108
1
57
5
8
35
21
56
29
30
12
12
8
4
166
56
27
6
149
66
23
38
70
395
11
22
17
85
68
15
40
104
2
58
4
66
85
243
139
15
2334
22
7
467
1
11
38
5
56
20
7
423
66
202
1
3
88
51
8
2267
1
125
22
1
21
31
23
65
5
35
134
1
39
6
20
50
7
7
2
21
213
18
269
8
5
71
23
12
11
1
1
1
12
4
20
1
22
18
58
1
4
4
1
3
107
31
14
12
2
39
16
119
10
2
72
62
31
3
14
3
2
7
4
150
30
1
262
3
21
2
7
818
182
1
3
23
28
1
6
7
70
4
1
62
226
14
3
4
182
2
11
1
96
7
368
1
110
84
9
9
20
3
41
98
123
5
2
21
12
3
13
4
19
19
9
39
12
9
5
2
25
16
117
27
34
18
7
302
6
204
2
2
48
8
1
92
9
13
2
55
10
4
11
146
31
64
1
35
12
106
2
9
36
46
1
6
3
43
54
29
16
48
64
108
5
7
104
1
1
86
29
54
90
94
21
2
56
24
2
1
102
91
10
142
2
2
37
2
47
82
2
94
68
169
44
8
132
9
76
43
121
12
13
49
20
4
41
49
11
1
3
28
74
113
6
1
5
136
24
4
8
91
40
24
44
1
23
8
34
4
31
1
6
213
24
41
139
5
38
342
36
6
60
6
3
48
1
19
6
14
6
4
8
36
33
8
6
1
7
7
6
36
19
10
2
12
2
11
2
2
113
135
7
9
21
577
27
47
2
74
11
106
2
2
5
93
1
68
130
26
18
4
54
5
37
81
26
22
91
18
31
9
44
2
63
122
2
2
50
5
3
6
1
5
4
1
45
5
3
21
9
11
13
14
12
1
1
6
5
31
74
84
2
9
3
15
77
15
1
1
73
12
60
10
7
52
1
24
5
1
116
12
7
9
18
9
19
72
1
5
1
1
30
8
2
18
21
1
7
87
3
61
5
62
5
1
4
24
5
21
79
55
1
2
4
6
153
15
8
2
8
23
2
24
84
4
126
36
4
2
25
2
13
17
2
2
154
24
25
50
4
15
41
50
12
10
122
49
3
197
98
2
7
3
72
2
3
8
3
11
35
4
40
19
6
6
47
43
40
121
6
3
37
190
7
4
10
122
4
14
234
26
16
18
78
2
9
2
13
37
6
110
2
38
2
3
47
15
38
28
6
53
2
3
83
232
51
10
4
43
20
1
4
88
26
5
27
15
31
20
26
37
4
7
13
10
2
101
9
8
70
2
1
4
35
22
3
2
4
233
6
62
71
2
1
13
1
2
40
7
8
33
85
24
163
1
47
4
26
28
2
2
34
11
1
118
24
4
15
18
8
48
1
18
2
52
135
16
16
37
15
16
4
33
87
5
28
11
5
56
17
97
6
131
1
124
4
10
5
8
4
53
23
15
55
2
43
27
226
3
20
87
31
6
14
7
4
8
57
41
14
13
13
25
9
25
10
7
19
3
20
24
43
72
32
8
81
6
52
73
1
1
259
5
11
25
454
12
4
2
74
46
3
37
1
47
6
53
1
4
5
2
20
622
1
1
335
214
7
12
58
7
6
2
43
91
62
55
2
27
36
110
34
9
13
95
180
45
20
7
114
26
35
6
44
5
2
28
22
8
23
2
22
1
140
9
5
10
5
1
7
9
3
3
1
2
2
13
28
4
1
34
11
12
7
8
1
1
20
1
66
3
17
6
7
1
1
12
43
16
1
1
1
21
6
7
2
13
3
2
21
1
6
2
6
29
23
5
20
2
46
4
1
30
3
4
3
82
1
181
19
298
29
8
7
1
69
32
1
1
1
7
18
10
1
3
2
2
2
3
15
24
2
1
4
3
2
15
3
6
1
4
1
5
35
2
1
5
79
153
2
9
3
1
29
14
23
1
49
99
8
11
142
40
11
11
10
40
34
2
3
1
18
1
49
73
2
40
93
5
2
11
2
13
6
8
3
2
2
6
12
4
44
8
19
4
71
5
29
10
3
8
4
2
2
38
4
1
50
56
2
20
2
190
68
15
4
8
5
2
2
6
6
33
127
2
12
2
24
1
13
20
50
1
9
3
11
8
1
21
11
9
1
60
53
1
2
43
11
3
21
150
25
1
1
48
2
6
1542
4
1
2
3
75
49
37
23
1
2
111
13
91
47
4
85
5
5
75
60
13
4
5
4
25
10
2
3
3
2
65
2
26
9
4
1
160
2
1
371
1
2
2
85
4
104
1
5
237
1
5
1
3
1
4
9
19
41
2
3
2
12
26
13
79
7
206
11
13
2
15
4
108
2
48
12
10
5
39
1
30
10
12
59
149
1
31
60
11
3
43
4
10
34
169
188
18
18
18
137
62
149
75
29
311
214
2
186
11
16
17
21
44
20
5
67
3
9
57
45
19
5
6
168
23
113
22
2
2
13
4
142
8
108
26
37
131
8
1
30
38
13
15
5
36
15
75
52
30
2
8
24
46
36
50
18
2
8
25
4
75
16
48
17
11
170
9
1
159
167
241
2
114
2
18
40
2
135
25
29
10
30
6
6
82
116
4
11
2
1
2
8
10
17
2
3
402
77
50
17
8
30
28
1
18
10
29
49
37
24
38
8
70
9
68
1
11
23
86
64
6
3
21
33
54
14
24
70
65
61
1
6
2
6
31
21
39
57
5
103
354
2
235
19
45
3
4
28
27
23
16
2
1
284
2
16
2
12
17
38
6
51
5
10
27
19
14
3
13
41
158
7
59
10
31
23
25
27
3
4
33
7
18
65
2
6
63
12
3
5
19
22
142
116
6
30
23
71
1
17
3
47
12
271
9
26
24
40
16
10
1
30
72
27
34
4
29
8
2
2
78
31
4
16
2
33
84
67
6
140
17
23
5
4
16
44
12
35
886
4
50
2
28
5
35
8
22
5
178
4
5
27
5
2
21
97
17
2
9
37
4
2
2
4
4
1
53
4
29
4
1
44
29
10
21
1
22
1
12
26
1
26
4
14
1
87
27
72
1
77
326
1
2
13
2
8
26
1
2
63
24
70
30
1
316
11
3
17
83
14
27
13
3
3
27
3
10
56
7
7
24
20
15
17
6
59
26
29
32
8
65
2
2
21
31
43
14
78
68
2
23
45
25
31
17
12
41
21
12
3
12
9
16
6
7
7
15
1
18
3
21
3
1
22
42
29
6
1
60
75
4
33
27
52
37
32
18
19
10
26
93
8
57
102
5
30
15
3
113
58
217
91
49
17
17
14
49
46
25
62
27
3
4
8
1
11
2
77
2
13
2
28
8
40
2
3
52
12
1
17
17
19
17
6
102
19
7
2
2
19
3
9
3
14
37
3
10
1
29
4
8
18
28
60
1
18
14
12
18
22
2
6
1
75
1
10
101
2
78
200
18
30
3
10
5
55
12
4
37
82
5
1
19
42
58
8
2
6
39
144
103
25
6
33
29
2
16
72
17
32
25
3
6
12
15
35
20
1
1
52
13
12
19
5
3
10
22
9
1
2
11
4
3
30
41
3
3
1
3
1
8
25
31
78
9
220
2
9
2
2
16
13
28
10
7
7
9
12
25
11
26
12
51
4
41
24
6
15
22
2
6
2
7
6
16
16
2
2
85
2
8
46
2
7
75
4
19
2
3
2
2
56
58
50
26
18
17
10
6
54
3
1
22
23
42
12
8
11
13
49
5
5
6
6
2
10
1
10
58
3
3
40
1
2
1
3
5
5
3
41
29
10
4
17
64
4
2
4
3
34
5
7
1
61
2
8
34
16
1
4
1
7
2
3
62
36
80
1
5
15
5
11
1
36
7
32
1
1
1
1
1
33
2
2
1
1
2
1
1
8
10
1
12
3
31
1
1
25
8
31
18
4
2
58
16
7
2
8
4
3
24
3
2
8
18
4
25
7
10
6
39
48
12
11
174
47
2
6
15
17
22
35
4
63
14
24
1
2
4
9
1
12
1
21
8
8
9
4
2
2
10
95
26
12
23
4
32
2
21
2
19
2
38
2
94
8
53
1
2
5
14
111
1
2
11
23
120
10
31
38
7
23
15
17
27
2
3
2
9
32
1
14
6
2
1
2
108
82
5
51
2
10
1
13
93
11
1
134
2
6
86
86
2
6
2
5
39
31
2
1
20
2
12
51
1
5
6
80
86
15
21
2
35
84
2
62
24
24
2
42
5
5
6
16
15
116
6
1
16
2
2
82
3
34
12
10
1
14
13
6
7
6
1
3
6
4
12
2
18
17
2
2
32
4
91
14
11
2
2
2
31
85
1
7
1
6
35
7
10
136
29
2
4
1
66
43
124
19
4
2
11
3
5
58
4
7
29
5
35
2
9
1
4
32
4
44
57
3
11
4
3
6
78
19
4
58
3
9
50
19
2
3
39
41
18
15
129
6
61
24
50
5
16
14
2
56
2
16
16
3
14
142
6
163
6
35
54
61
9
55
4
4
52
2
2
2
3
2
4
2
3
6
2
8
2
7
3
5
12
2
12
11
41
33
10
52
52
29
11
3
56
8
68
20
83
17
1
21
3
2
34
45
39
8
9
142
2
29
3
3
2
27
4
4
3
6
10
3
14
1
147
5
30
1
35
6
2
1
1
2
5
18
1
56
19
2
2
1
4
7
30
1
2
4
2
1
2
9
2
1
6
8
44
1
10
2
28
2
48
12
8
7
22
53
15
17
7
8
4
21
107
7
13
2
12
59
16
6
4
3
18
4
5
31
23
3
2
6
9
58
14
24
45
2
11
18
94
29
1
22
58
1
35
17
7
7
2
14
13
37
2
3
2
12
9
31
2
8
1
26
15
12
6
4
65
54
44
20
1
16
90
14
3
1
49
6
56
5
6
42
1
2
18
21
68
34
63
27
2
3
11
4
2
14
6
6
6
2
116
3
1
24
5
24
15
32
35
6
9
6
1
37
2
26
11
8
16
9
32
22
3
15
26
9
5
15
7
32
6
3
7
1
5
6
2
4
23
30
20
32
7
2
4
1
42
5
2
2
17
98
2
2
14
1
2
1
4
1
2
2
2
58
2
2
2
1
5
2
2
2
22
61
17
2
3
1
17
5
18
11
8
4
6
6
2
13
1
1
6
11
45
16
11
2
3
6
9
16
40
4
2
3
8
14
20
31
22
3
2
15
3
19
13
5
5
4
2
1
8
2
8
7
11
6
30
1
4
27
4
18
5
2
4
6
5
3
27
28
2
16
1
3
6
2
10
12
5
13
1
3
4
1
2
10
9
2
37
6
15
19
3
4
16
51
1
18
31
34
8
2
9
2
5
21
2
4
2
30
2
57
11
11
26
6
6
2
10
1
51
4
1
10
13
3
19
8
6
31
7
2
4
13
2
2
2
2
6
12
14
3
12
53
2
5
4
12
20
1
2
15
27
9
3
21
4
25
3
13
4
5
2
2
2
33
1
15
3
1
3
44
35
6
10
20
4
6
8
2
4
1
3
1
11
2
10
3
1
9
26
18
2
7
2
34
12
3
54
10
7
22
4
12
2
20
97
8
5
7
2
17
1
8
3
1
4
25
6
3
24
3
23
2
2
18
24
2
2
16
1
5
3
4
205
43
13
8
3
22
2
1
2
11
27
2
9
6
72
88
20
3
79
15
6
5
2
17
3
5
13
20
7
4
11
15
5
6
36
5
11
1
1
5
4
3
3
128
2
2
3
3
1
6
8
11
1
2
1
13
1
3
2
16
2
19
6
2
17
10
11
6
6
1
11
1
2
2
22
3
4
46
3
55
2
2
60
2
5
2
4
1
3
19
8
25
6
3
30
29
5
11
45
14
7
26
1
3
20
5
30
3
6
2
31
14
3
9
25
2
11
46
2
5
15
10
16
2
1
2
1
10
52
1
9
1
6
7
5
40
15
1
1
4
1
2
2
4
2
45
2
24
2
2
4
39
8
2
5
4
11
64
6
20
28
1
4
4
22
10
21
33
32
24
3
2
2
2
3
11
25
1
3
4
38
74
9
2
15
34
2
4
3
2
23
12
13
1
4
3
15
15
16
2
3
1
18
20
36
2
12
23
18
2
25
2
2
16
1
1
30
1
2
21
3
2
13
2
5
3
2
9
5
11
2
4
2
17
5
4
2
12
5
18
13
4
13
2
32
1
9
2
130
2
7
2
9
23
6
1
7
2
18
2
20
1
1
15
8
4
14
2
16
1
4
1
2
12
7
1
38
3
3
75
108
5
2
5
23
2
25
8
8
5
2
29
15
2
37
5
4
22
18
49
4
2
2
25
2
1
5
3
5
1
5
6
6
19
3
13
5
8
2
2
2
4
17
2
148
49
2
6
28
10
4
10
37
3
1
1
52
2
24
2
4
18
2
2
3
2
2
2
2
2
185
2
176
4
4
2
2
1
25
29
25
2
2
4
2
4
3
2
21
1
2
53
10
2
2
16
2
30
11
1
14
6
2
17
9
2
119
3
29
7
12
2
2
13
2
20
2
2
10
56
1
29
2
1
58
2
11
3
2
10
14
6
6
3
18
2
4
2
31
4
14
3
2
2
8
8
10
5
7
5
1
24
30
25
6
14
2
2
2
2
2
5
19
2
48
27
18
6
2
2
2
6
2
3
3
25
3
2
2
22
9
4
44
4
6
1
50
11
11
5
2
11
2
5
3
1
13
4
7
2
16
2
3
6
2
9
9
3
5
6
2
23
20
3
2
4
4
4
3
6
36
2
1
3
38
5
2
11
2
2
18
3
2
8
1
4
49
2
5
37
41
1
2
25
3
19
25
2
4
10
1
1
34
1
4
1
2
8
26
18
2
1
2
10
2
2
15
2
2
1
4
4
2
44
4
11
102
44
24
10
1
1
5
2
22
4
25
6
4
47
16
2
7
6
16
1
3
2
4
12
4
4
43
2
6
2
3
13
18
16
7
2
4
4
2
30
11
8
1
10
2
6
2
172
51
103
2
10
37
2
6
14
7
46
26
1
2
7
10
2
3
13
14
18
4
2
2
9
4
2
9
40
2
4
15
13
1
23
16
3
58
3
1
25
8
18
1
9
11
8
41
3
1
35
3
1
6
6
5
3
20
5
27
29
8
10
7
21
3
7
8
19
53
1
3
7
246
11
6
9
2
1
9
50
6
1
5
73
12
33
19
2
3
2
17
3
14
5
29
129
9
3
13
1
3
18
4
8
21
2
34
2
2
2
2
7
1
4
4
1
8
8
26
3
3
3
1
1
7
3
3
2
4
6
12
11
41
14
3
13
1
4
3
1
1
1
31
1
1
2
1
1
5
2
5
10
24
6
1
29
2
3
1
2
11
6
2
41
2
84
60
2
2
1
2
1
1
3
2
1
23
3
12
1
2
1
15
1
5
3
9
32
15
1
5
30
1
52
1
7
10
1
1
7
1
2
11
1
2
5
8
1
1
11
2
7
7
9
5
4
2
1
4
3
1
1
14
2
2
1
8
15
121
1
1
1
8
1
5
2
2
5
3
1
5
16
1
12
2
6
7
33
1
12
3
2
1
2
2
6
6
30
4
1
13
18
2
26
2
55
2
4
43
6
2
4
2
1
261
3
4
2
2
3
2
2
1
4
4
2
2
2
9
1
12
2
28
210
2
13
2
2
2
9
33
1
41
5
6
1
14
6
35
1
3
29
4
14
3
16
2
2
5
1
1
4
5
2
22
34
2
2
4
22
6
5
2
2
2
8
3
5
18
7
4
1
59
3
1
3
12
2
2
2
1
21
2
2
2
1
4
22
2
3
32
2
2
6
1
2
2
2
54
3
24
16
8
1
3
84
17
1
3
4
3
7
3
2
6
2
3
18
9
53
2
4
7
8
5
16
9
9
18
3
18
13
6
6
27
1
16
1
3
3
2
11
2
1
2
8
1
4
1
19
4
4
8
2
77
4
30
11
3
1
1
1
1
7
3
11
2
3
5
28
5
32
2
4
6
6
2
1
15
13
15
6
2
4
2
1
2
1
2
1
2
55
83
9
16
15
2
9
19
2
1
2
35
3
2
3
6
1
5
4
9
2
29
1
2
11
1
9
4
3
5
2
2
90
12
3
13
1
2
1
52
4
10
2
8
2
7
3
1
6
4
1
1
1
2
2
3
2
27
8
2
1
3
18
11
13
4
1
3
2
3
4
20
4
4
1
3
2
1
26
4
7
11
3
2
2
1
9
15
2
2
27
2
8
25
2
18
2
28
13
21
2
2
2
3
52
2
1
28
15
6
10
2
2
2
3
1
5
2
4
1
4
8
3
2
1
1
2
1
1
13
4
4
2
2
2
3
15
34
6
8
2
12
26
18
39
1
17
35
10
2
2
2
3
2
20
51
2
4
14
1
2
49
3
2
1
13
2
3
2
2
2
9
2
18
40
1
1
16
3
2
4
52
6
131
1
5
10
1
22
2
2
6
2
3
8
40
3
2
6
29
2
44
20
1
2
2
2
7
2
3
10
1
2
33
7
1
59
10
2
1
4
8
6
6
2
8
55
2
7
3
3
9
2
2
4
2
9
2
8
2
28
2
13
3
5
2
1
2
32
1
1
2
5
6
2
4
1
2
12
11
5
12
27
11
17
39
19
1
33
8
1
49
1
8
21
5
3
57
24
24
2
2
6
18
10
6
4
2
2
55
4
3
16
45
8
7
14
4
65
6
21
67
13
4
6
8
3
2
2
2
63
30
8
13
8
4
4
4
4
2
2
4
8
4
1
1
1
33
2
2
5
10
31
35
6
13
2
1
38
13
8
5
6
15
2
25
6
6
5
19
12
31
91
10
2
21
12
4
2
7
3
2
4
2
55
82
4
2
5
106
14
28
15
7
107
18
2
4
31
2
9
1
1
45
1
7
11
1
1
2
1
9
3
1
77
1
5
1
11
38
111
1
5
14
2
2
37
1
9
3
7
11
52
4
13
5
76
23
3
27
3
56
2
9
57
25
3
1
1
19
3
3
56
1
16
3
7
7
2
1
2
1
3
18
5
3
233
14
7
18
27
21
8
1
13
14
23
9
26
5
6
2
7
21
3
1
1
5
1
8
5
10
1
1
6
1
2
2
30
3
6
5
2
2
9
9
7
6
4
6
4
24
2
9
5
23
18
10
4
2
3
7
2
13
4
2
8
51
9
2
2
22
18
2
24
5
111
8
2
2
5
6
2
2
2
54
20
10
4
4
2
30
2
16
2
1
2
11
13
3
12
20
3
8
1
16
1
1
5
1
1
1
49
3
31
2
8
14
22
7
2
5
6
5
1
25
8
7
3
1
2
1
27
7
89
7
8
2
90
57
50
41
33
8
4
20
116
46
1
9
138
14
6
26
20
25
14
6
27
8
13
4
13
5
31
13
7
6
13
109
7
21
63
75
1
25
12
103
10
11
18
11
18
10
1
84
4
1
1
29
1
1
16
1
2
1
3
7
3
4
1
23
4
91
7
2
1
5
1
9
9
2
1
2
14
1
4
3
46
1
1
3
1
2
1
1
4
4
5
6
4
11
4
2
2
2
2
15
2
7
22
8
10
4
16
24
4
21
4
2
37
24
2
2
1
12
2
1
6
1
1
1
2
1
23
2
1
2
1
1
1
23
4
6
1
1
9
1
2
2
11
10
1
18
2
1
9
23
10
1
3
2
9
1
1
6
2
1
8
2
1
4
3
1
7
1
2
1
2
2
2
4
2
3
1
2
5
1
1
2
1
1
1
1
2
2
1
3
2
2
5
1
1
8
3
10
9
19
36
2
2
3
15
41
1
2
3
1
2
4
1
9
9
3
1
1
1
1
30
7
2
8
2
4
1
39
16
2
1
4
1
1
3
1
1
4
1
1
15
2
1
2
1
7
2
46
1
4
4
31
1
2
2
3
2
2
2
1
2
1
2
4
1
10
3
1
30
1
24
2
1
1
2
1
2
2
1
3
20
13
2
2
1
3
2
3
2
1
1
1
1
1
5
1
2
12
10
13
13
16
2
1
17
7
11
2
4
3
3
1
3
2
37
1
4
1
2
5
6
2
6
5
8
4
11
2
1
20
1
1
4
1
2
2
8
24
1
4
3
24
1
22
1
5
1
1
1
5
2
14
56
49
1
1
1
6
1
4
45
1
2
10
3
1
2
11
2
30
9
12
1
2
12
2
17
5
11
2
5
47
2
2
2
33
1
21
1
15
1
5
6
3
2
1
1
63
1
3
5
1
5
2
1
4
1
2
2
9
10
1
1
4
1
45
2
6
6
4
9
1
47
1
5
4
33
27
1
3
1
1
2
9
5
4
12
8
3
12
14
2
47
20
42
77
5
16
1
5
8
5
9
2
6
2
5
2
145
4
2
7
9
57
11
2
2
4
14
2
14
2
4
2
6
21
6
1
12
13
24
8
2
2
9
18
42
1
8
16
2
25
23
6
14
110
71
2
2
22
2
52
76
51
5
32
50
41
12
7
4
34
4
6
15
6
68
2
4
3
6
6
3
16
2
5
8
9
20
2
93
8
5
15
316
13
2
3
5
2
17
5
47
12
5
10
7
27
17
15
54
5
3
4
4
8
3
6
18
3
6
1
1
5
13
1
5
38
1
9
3
3
2
2
1
19
3
2
1
1
8
4
2
1
3
4
1
8
1
13
2
2
3
37
12
4
27
16
16
8
7
2
19
1
45
1
3
9
9
13
2
1
1
19
8
9
2
3
9
2
2
10
22
82
8
2
2
2
2
7
7
4
3
2
2
9
2
48
2
5
16
1
2
15
2
5
2
2
23
21
7
2
1
1
58
6
5
2
27
2
7
3
6
2
14
2
3
1
14
10
8
10
21
25
23
11
10
7
11
11
5
8
20
11
18
28
5
5
10
8
5
34
18
23
16
13
2
18
21
10
13
1
48
2
5
2
6
2
2
2
2
7
6
7
1
4
26
20
2
21
32
4
8
46
3
12
4
11
4
1
6
65
47
2
2
2
3
2
9
3
7
4
2
6
5
5
2
2
7
4
2
8
2
3
17
2
4
4
4
1
8
4
19
6
1
1
12
8
4
13
23
66
7
13
10
6
5
2
8
2
2
4
3
3
4
2
19
1
4
17
2
1
4
7
2
60
22
1
2
2
2
3
15
2
4
8
2
4
5
9
1
17
4
2
4
1
1
8
6
4
13
14
1
8
6
2
1
1
1
21
9
2
1
1
3
5
1
3
15
15
2
31
7
6
2
2
8
18
49
4
3
8
1
1
4
12
1
8
7
1
2
2
8
27
15
2
15
115
1
3
9
18
15
1
1
17
1
6
5
8
5
1
1
2
1
13
1
10
4
1
1
1
2
2
1
1
12
1
10
3
10
1
2
5
4
14
13
3
10
6
1
2
2
6
4
8
1
9
2
6
10
11
7
13
4
3
4
4
2
9
5
1
3
2
4
7
2
32
2
1
53
1
8
2
27
33
64
1
9
8
1
99
45
13
1
2
2
1
5
18
1
4
1
1
11
6
3
4
3
5
1
5
3
4
16
5
15
13
5
1
3
30
4
3
5
2
22
1
1
15
2
2
1
34
10
1
5
8
5
8
2
7
14
3
3
66
4
1
37
2
5
1
12
5
3
23
4
9
10
1
11
6
20
7
1
3
1
8
2
11
3
1
1
7
9
1
13
11
46
2
3
6
7
1
1
5
18
2
13
3
44
1
69
2
21
2
14
52
2
2
8
10
1
11
2
1
1
2
13
2
1
3
1
2
2
4
1
1
1
4
45
1
22
2
1
1
5
4
1
2
2
2
2
10
5
8
1
1
7
1
1
1
1
2
1
1
1
7
1
2
6
5
5
1
1
9
41
2
3
4
10
1
2
21
1
4
2
7
1
1
22
1
1
2
2
1
3
18
2
9
2
54
5
1
1
2
7
1
7
5
14
4
2
1
1
1
2
3
21
2
1
6
1
1
11
1
1
1
1
1
1
1
1
1
1
1
1
1
1
1
2
1
1
1
1
2
1
1
8
3
63
1
25
33
2
4
1
1
8
2
1
17
1
2
12
11
14
1
2
12
4
21
4
5
2
2
2
4
2
2
9
14
29
17
2
7
45
2
8
2
19
16
2
11
16
2
10
2
4
2
2
2
5
18
3
197
1
7
3
1
1
16
11
4
1
1
1
1
2
2
1
33
11
1
1
1
5
1
1
57
1
1
10
1
5
1
1
3
1
12
8
19
4
3
2
9
2
4
13
9
4
3
7
3
4
10
2
5
5
2
3
4
4
32
8
3
20
4
2
2
4
5
5
2
2
23
6
18
2
26
2
22
2
9
6
11
12
58
45
2
3
2
6
45
4
5
5
2
3
3
7
1
18
1
8
1
11
1
21
29
7
6
7
1
2
1
2
3
1
2
1
4
1
1
27
5
8
2
2
1
3
5
2
1
2
22
1
2
3
4
1
5
3
26
5
16
3
12
3
10
1
18
9
7
3
1
3
2
36
2
6
12
1
11
3
1
8
7
3
10
1
1
1
21
20
7
6
3
3
23
13
7
9
11
7
2
14
10
3
2
5
7
1
10
3
7
17
2
2
2
7
3
6
4
26
6
1
11
6
6
118
4
1
2
4
2
2
1
4
1
2
12
15
4
1
8
6
30
39
33
8
57
6
4
2
1
7
13
31
3
1
1
3
2
3
7
19
9
1
1
51
6
2
4
3
1
1
1
3
19
8
2
13
6
20
36
6
5
8
5
4
12
2
1
4
1
7
4
12
2
5
1
2
62
2
1
9
1
1
36
3
4
1
2
5
3
1
1
6
7
7
2
2
35
2
18
38
2
1
6
3
5
6
6
33
3
28
1
14
20
18
6
3
8
4
2
9
4
6
15
5
12
4
17
4
20
11
5
4
9
2
6
1
10
3
7
2
3
2
22
3
3
2
4
2
2
2
25
2
5
2
3
114
6
4
2
7
4
22
7
2
3
8
2
5
4
10
2
26
13
7
4
3
4
3
1
4
4
17
1
4
4
2
8
8
6
6
3
7
4
2
35
7
6
2
15
15
39
2
4
20
13
9
101
2
3
172
3
6
6
9
7
39
1
5
14
18
4
45
5
10
39
5
1
1
2
2
3
2
6
1
36
1
1
10
4
19
2
1
10
3
1
5
2
12
5
2
1
2
20
3
10
64
2
26
6
1
1
2
3
10
54
7
4
5
4
10
7
2
2
13
2
29
21
2
5
11
2
2
8
28
6
1
2
8
8
12
10
1
5
3
5
1
1
1
1
7
7
1
1
1
1
8
12
1
1
7
1
2
2
12
1
1
2
6
1
2
1
2
9
2
1
1
2
5
36
13
16
1
2
3
2
2
3
2
2
1
1
2
6
1
7
2
1
4
1
1
1
6
1
1
6
5
7
5
2
1
1
8
1
3
2
5
1
1
38
21
1
1
10
1
1
2
3
1
1
1
1
4
1
1
2
11
2
6
3
1
1
1
10
7
16
1
7
2
6
2
1
3
1
1
1
6
6
5
4
2
2
7
3
3
2
6
2
6
2
24
10
2
38
19
4
2
2
2
4
2
2
15
2
4
4
6
4
11
6
2
13
28
2
5
12
6
2
4
6
3
2
2
4
2
2
2
2
4
2
3
20
6
2
2
2
2
6
4
14
10
2
1
16
2
16
5
2
6
3
17
3
4
1
16
3
11
16
2
2
32
21
10
2
5
31
25
28
2
14
2
1
13
3
1
21
2
4
13
17
5
1
36
1
10
1
6
1
22
2
1
2
1
2
1
6
2
2
6
14
18
1
1
1
1
8
1
5
1
4
2
3
15
1
2
3
4
1
3
3
1
2
5
3
3
10
10
2
2
3
2
19
2
5
1
14
1
2
19
4
3
3
6
1
6
1
1
7
5
1
7
2
3
1
6
1
1
1
6
1
9
7
1
1
1
1
1
3
3
1
10
53
1
6
1
1
1
3
1
1
6
26
5
1
1
1
3
2
1
14
2
8
1
12
6
1
7
5
2
2
5
4
2
3
3
18
1
2
1
1
1
25
5
1
5
2
3
1
3
1
3
1
8
5
4
2
2
2
6
1
3
8
26
4
2
3
18
4
10
10
12
3
1
8
4
1
7
2
1
1
1
12
4
1
1
1
2
1
1
3
15
2
5
1
3
2
16
2
2
2
8
21
4
16
11
8
1
1
3
8
1
5
4
6
6
1
1
1
5
8
10
2
10
4
2
4
6
8
1
8
5
30
2
3
8
2
12
2
2
20
2
4
3
4
8
11
6
2
2
16
2
2
2
4
3
2
2
2
2
2
4
4
15
3
6
2
6
2
4
1
1
1
1
21
13
1
9
38
8
6
6
2
33
2
7
4
13
17
6
3
9
8
6
4
12
9
13
7
5
29
46
5
5
5
7
26
2
2
6
2
4
3
2
4
26
2
2
4
13
1
11
5
2
6
4
5
7
2
2
2
2
1
4
5
2
4
3
1
1
13
1
1
4
15
1
24
1
19
1
1
22
1
4
3
1
1
1
4
9
5
2
1
1
17
3
1
3
2
1
2
12
2
1
4
17
1
2
2
4
1
1
1
2
1
1
18
21
2
2
4
2
3
1
3
3
9
2
16
2
2
2
1
1
5
14
2
6
7
2
2
2
12
3
34
2
2
8
2
4
2
4
2
15
2
36
8
4
2
2
9
5
2
2
2
2
2
2
2
8
4
4
2
4
4
2
2
6
2
2
2
2
8
4
2
2
12
6
2
9
8
16
17
1
2
3
4
12
13
2
5
2
7
2
1
1
1
16
14
3
1
23
2
3
1
2
4
2
2
2
4
1
55
1
7
2
4
7
2
5
2
2
4
4
2
2
11
2
4
4
6
1
1
6
8
4
11
3
1
3
1
15
1
1
1
25
4
9
2
1
3
1
1
1
1
1
1
1
23
8
1
33
1
1
1
3
1
4
1
2
1
1
1
1
8
1
1
4
1
8
4
1
2
1
2
1
3
2
3
2
3
17
4
1
1
2
4
1
1
1
2
1
5
1
2
1
5
10
1
3
3
1
4
1
3
1
1
1
1
5
14
7
2
2
1
6
1
1
1
16
1
2
7
4
1
2
4
2
9
3
3
1
2
4
36
105
1
9
5
9
27
9
1
1
1
2
2
1
6
2
31
4
1
1
1
5
9
2
11
2
11
6
2
2
2
2
5
3
13
2
2
5
2
7
2
16
2
2
67
2
40
5
11
9
2
2
6
45
2
2
1
4
2
3
2
4
1
2
2
4
6
4
27
4
14
9
4
24
2
18
2
2
4
9
2
2
5
4
2
3
5
5
2
2
4
21
2
2
2
2
8
3
2
2
1
1
10
3
2
4
6
4
2
4
4
2
4
1
9
5
6
5
25
2
2
2
4
4
4
172
4
2
2
2
2
13
6
3
2
4
2
4
2
3
2
5
10
3
12
2
2
4
1
2
2
6
2
2
2
4
2
2
2
24
10
12
46
2
4
7
4
2
12
1
2
1
1
1
3
2
1
1
1
7
5
1
1
1
17
7
6
1
1
1
1
1
1
3
3
1
2
1
1
12
1
1
9
1
1
1
2
28
14
1
1
1
3
1
1
4
1
8
6
3
1
1
1
8
1
5
1
1
1
1
1
9
4
9
3
1
1
3
1
1
12
7
4
1
1
1
16
1
1
1
1
3
3
2
1
1
7
1
1
1
3
6
5
1
1
1
1
1
4
1
1
1
1
1
1
1
1
4
2
2
1
1
2
1
1
3
1
1
1
1
1
1
2
1
7
15
1
2
3
1
5
2
7
2
4
3
4
42
5
4
2
14
11
4
4
10
8
2
2
3
3
8
4
2
5
2
12
2
6
10
1
15
6
4
8
3
2
3
4
12
4
22
4
2
22
4
68
32
5
2
2
10
37
8
1
2
1
10
2
2
1
5
2
1
4
5
3
1
4
4
2
4
1
2
2
2
2
10
4
1
6
4
2
2
5
2
2
2
1
1
6
2
2
2
4
2
4
4
6
2
3
2
19
4
4
25
4
2
2
8
4
9
2
2
1
2
8
10
8
2
20
1
6
5
1
2
4
1
4
1
2
1
5
6
2
1
2
3
1
2
12
2
4
2
2
2
1
29
2
33
2
2
2
3
11
10
1
4
2
6
2
6
3
4
1
5
1
1
1
1
6
24
2
4
6
6
13
40
2
5
56
4
2
4
5
2
2
8
4
16
5
8
17
6
4
111
2
2
69
2
2
4
6
2
3
2
2
4
7
2
2
1
5
2
7
2
9
2
14
1
1
1
1
1
1
1
2
2
2
2
2
2
2
2
3
4
5
6
8
2
2
15
37
2
8
4
3
9
4
6
1
55
2
1
4
3
2
1
1
1
3
3
2
14
4
2
12
2
1
5
2
12
2
2
4
1
4
2
2
1
6
4
1
3
11
2
2
2
6
1
15
18
1
4
10
1
2
8
3
2
2
4
7
11
10
2
2
2
2
1
4
6
2
4
1
1
1
2
2
2
7
3
1
5
1
10
1
4
6
1
1
24
5
22
6
8
3
8
2
4
2
12
1
3
3
1
2
5
2
8
1
13
3
4
4
1
2
2
7
13
1
1
2
10
14
4
2
11
4
5
1
1
3
1
11
8
11
1
21
4
1
5
9
20
4
1
1
4
2
1
3
2
1
2
10
1
1
1
4
2
4
13
4
7
7
1
19
1
1
6
1
1
2
6
4
7
3
2
2
13
2
2
2
2
2
2
5
4
2
1
10
4
3
8
3
3
3
6
2
2
3
2
2
9
3
2
2
2
1
22
8
8
1
16
10
2
2
2
2
5
6
2
4
3
7
2
7
1
4
4
2
13
2
2
2
5
2
3
4
19
2
6
1
2
6
1
6
4
1
3
1
2
1
1
46
1
16
1
2
2
17
2
2
2
1
12
2
4
1
1
2
1
12
38
2
5
2
1
2
3
5
8
1
1
1
2
1
2
4
9
2
1
3
1
8
1
1
1
2
1
2
12
1
6
1
1
2
4
7
4
6
1
2
1
3
11
5
3
2
2
1
1
9
7
1
15
10
12
6
5
1
2
1
14
9
8
3
23
3
4
1
1
2
3
1
2
18
11
9
1
2
4
1
2
23
2
1
3
2
11
6
1
2
9
1
14
3
1
1
6
1
6
34
6
1
1
1
2
4
4
3
2
5
2
1
1
12
1
6
2
6
2
10
2
13
2
7
6
2
2
3
5
2
2
1
10
11
10
4
4
1
22
4
17
7
2
1
6
2
2
1
2
7
2
2
2
8
11
24
4
8
5
4
9
2
1
2
2
2
12
2
3
8
3
1
6
3
4
3
8
2
3
5
20
3
2
1
5
1
7
3
2
1
2
7
1
1
9
2
6
1
2
2
4
1
5
2
3
1
3
7
1
3
2
7
2
1
3
7
1
1
1
2
1
1
3
1
2
1
17
1
1
2
1
3
9
9
12
21
12
2
2
2
1
2
3
2
17
1
2
1
1
1
1
4
10
1
2
1
2
2
2
2
4
4
2
4
5
1
8
2
1
7
2
2
1
7
2
15
11
1
1
2
2
4
2
1
2
2
2
17
5
3
1
4
3
1
10
13
2
1
2
2
2
2
1
1
7
2
2
1
2
1
2
5
6
2
8
2
2
1
2
1
4
2
2
13
1
2
1
2
2
2
1
2
2
3
2
1
7
1
1
3
83
5
15
1
6
3
1
4
1
1
3
2
4
1
2
2
1
2
2
14
4
2
1
5
3
2
2
3
8
2
1
2
2
2
2
1
2
14
2
4
2
1
2
1
4
2
1
2
1
11
2
6
4
3
1
1
1
1
8
5
1
10
3
11
6
5
2
2
14
5
2
2
2
13
6
2
2
4
2
4
2
7
1
3
6
2
1
13
1
1
1
2
2
2
8
6
13
7
2
2
1
8
2
2
2
2
2
2
10
2
2
1
1
2
3
1
4
4
4
2
16
2
5
2
2
1
8
1
8
32
6
2
2
2
1
1
6
3
2
2
4
14
4
4
6
2
2
5
5
1
2
5
4
2
1
2
2
2
1
13
2
1
2
2
18
4
8
1
13
2
2
1
2
2
1
2
1
2
2
1
1
12
2
2
2
8
2
6
2
2
2
1
5
4
2
4
1
2
2
2
1
5
1
1
2
6
1
2
12
4
2
1
1
4
2
1
1
7
2
2
4
1
6
3
4
1
6
2
2
2
2
1
1
3
1
2
2
2
7
19
2
1
14
4
2
2
3
1
2
2
3
1
4
6
3
1
1
1
1
11
2
6
1
2
1
1
2
2
2
6
4
2
13
2
2
1
1
1
2
4
4
2
2
4
1
1
2
1
13
2
3
16
2
6
4
1
1
3
6
1
8
3
15
5
1
3
11
2
2
19
11
5
1
2
1
7
2
1
1
1
3
1
4
2
1
3
27
1
3
1
1
3
3
1
2
3
4
1
7
4
1
8
1
2
2
9
1
2
1
4
4
2
2
1
2
2
4
2
3
3
1
1
1
1
2
2
1
1
2
5
1
5
1
5
1
1
2
1
1
1
1
1
10
2
3
1
5
2
2
5
1
2
7
11
3
2
4
2
7
5
3
3
2
5
6
2
1
3
3
4
2
1
6
2
2
7
6
3
5
5
5
2
1
3
6
2
12
3
1
4
3
1
3
5
2
4
3
2
5
3
1
2
3
6
4
2
9
4
6
6
11
1
1
2
1
1
11
2
8
4
2
5
2
5
5
6
1
1
1
2
1
6
4
1
1
2
1
1
1
4
1
1
1
1
3
1
4
1
1
2
2
2
2
6
1
1
3
1
1
1
5
10
1
1
1
3
1
6
1
1
1
1
1
3
2
2
1
2
2
6
1
2
1
3
3
1
1
10
2
3
2
2
1
1
1
1
5
2
1
16
1
1
1
1
1
1
6
7
1
3
2
14
1
1
8
1
1
7
1
1
2
1
4
1
2
1
7
4
3
4
1
1
1
3
1
2
6
1
1
2
14
4
1
4
7
2
2
24
12
2
2
2
2
1
18
10
25
1
1
2
6
3
2
7
6
8
1
1
1
1
5
5
1
2
2
3
13
3
5
46
2
2
6
2
5
6
2
1
5
8
3
16
6
2
3
2
2
4
2
2
2
2
2
3
2
2
4
27
3
5
2
12
2
4
8
6
2
5
4
11
2
2
2
2
4
2
2
2
2
9
8
2
8
2
2
6
2
2
12
2
16
6
33
2
2
2
4
2
3
2
3
2
20
2
16
5
2
2
2
14
2
1
1
1
1
4
1
3
1
1
1
1
1
1
6
1
1
4
1
1
1
1
1
11
6
8
6
1
2
6
2
10
1
1
1
6
2
1
2
4
2
2
5
22
1
2
6
2
1
1
4
3
2
2
2
6
4
2
2
3
1
4
2
5
1
7
7
4
17
1
4
2
1
1
2
3
2
2
2
2
1
3
1
4
6
2
2
7
2
2
3
7
2
2
2
4
2
2
2
7
4
22
2
5
2
21
2
2
4
10
17
6
3
1
4
3
4
3
2
2
3
2
1
2
1
10
2
8
1
4
4
3
2
2
5
6
5
12
1
3
3
6
5
4
2
4
5
2
1
2
2
2
3
3
1
2
3
2
7
1
12
3
2
14
6
12
1
2
2
2
1
2
1
10
2
3
11
3
6
1
1
1
2
6
6
1
6
3
1
15
1
4
14
3
3
7
1
1
2
1
1
18
1
1
2
5
2
5
3
2
2
4
1
2
5
9
2
1
2
3
7
6
1
2
7
2
2
4
3
2
2
3
2
21
2
1
1
2
6
4
4
4
3
2
3
4
2
26
26
2
4
1
3
5
1
4
2
1
2
5
4
2
2
4
2
3
3
2
4
1
6
2
1
15
3
2
4
1
1
4
6
1
2
1
13
8
2
1
1
1
1
1
5
2
4
1
2
1
1
3
3
16
3
1
1
2
3
7
1
11
1
1
3
2
3
8
4
5
1
2
1
1
3
26
1
2
1
1
1
4
1
13
1
19
1
4
1
3
21
46
53
1
1
1
6
3
4
1
1
1
10
8
30
7
6
2
3
2
3
1
1
1
29
2
11
2
9
4
8
3
1
1
1
1
6
4
3
5
1
3
1
1
5
5
3
1
1
1
2
2
1
1
1
4
2
4
5
10
11
3
1
1
1
1
1
1
2
2
1
1
2
1
1
1
2
5
2
5
2
2
1
2
2
2
4
17
5
2
2
8
16
2
4
1
7
4
8
4
6
9
4
5
3
10
2
2
12
2
2
4
8
8
10
4
4
2
6
8
5
2
5
2
16
12
10
6
18
4
11
4
4
5
5
27
2
4
1
4
37
1
2
2
3
4
2
1
3
9
1
1
15
4
1
6
4
1
5
11
1
1
1
1
1
1
1
1
1
2
1
1
8
1
1
1
5
9
1
1
9
1
2
2
1
1
3
1
6
6
4
1
13
11
1
2
2
1
1
2
2
6
2
6
2
12
6
6
2
1
2
3
3
15
1
14
6
6
6
6
3
5
1
3
1
1
12
2
7
1
1
1
2
4
1
1
4
4
5
2
2
1
1
2
2
6
1
6
1
1
5
7
1
2
4
1
3
2
1
1
3
2
3
2
2
2
2
6
4
1
6
2
1
3
2
1
1
1
2
1
1
2
1
1
5
3
2
1
1
2
1
1
2
1
2
1
1
1
3
8
1
3
3
1
1
1
2
1
2
1
1
1
3
1
11
1
2
1
2
5
2
1
3
2
2
2
3
1
1
6
1
4
3
1
2
1
1
1
1
1
2
6
1
1
6
2
2
4
1
2
1
1
1
1
2
7
1
4
1
1
11
1
5
10
3
1
5
6
1
3
2
1
7
1
4
2
10
1
3
1
2
1
1
1
1
2
1
5
1
3
5
1
1
4
3
2
3
10
1
2
4
2
2
2
3
2
3
2
2
9
9
2
1
20
10
10
5
2
1
1
1
5
1
1
2
2
2
2
2
4
2
3
8
3
2
1
3
1
6
3
7
1
2
1
9
1
1
4
1
1
2
8
1
2
2
1
1
1
2
9
1
2
2
4
1
6
4
1
1
1
6
2
1
2
2
5
2
3
1
2
1
2
2
1
2
1
2
22
17
5
4
3
1
2
2
2
8
1
3
1
3
3
15
1
4
2
4
3
11
1
1
2
3
1
8
1
2
1
4
1
14
1
6
4
9
2
2
1
5
2
1
2
10
1
1
7
4
7
2
4
1
3
7
1
6
4
4
1
2
3
1
9
3
10
2
2
1
2
1
1
2
7
18
1
13
1
8
1
2
2
15
2
2
2
1
3
2
1
4
6
4
9
1
4
4
10
25
2
4
2
3
27
2
20
4
4
2
2
2
2
5
2
2
3
2
6
2
2
1
2
2
2
2
2
2
3
2
4
2
4
2
2
1
7
95
5
5
2
4
9
2
2
2
3
8
2
2
8
2
2
2
4
2
8
53
53
10
5
2
2
6
4
2
3
4
5
10
2
18
2
27
4
2
2
4
4
2
1
9
2
2
5
3
2
2
2
4
8
10
18
1
1
1
1
1
1
2
1
1
8
1
2
1
2
1
1
1
1
1
2
1
1
15
1
1
2
1
1
1
1
1
5
9
1
1
1
2
26
2
1
3
2
2
6
2
1
19
7
4
2
19
2
9
1
13
2
1
4
1
2
1
1
1
2
1
1
1
1
1
1
1
4
3
2
1
48
3
6
7
1
3
1
2
4
1
2
1
2
2
1
7
4
2
4
1
6
7
2
1
1
1
2
5
2
1
1
22
2
3
4
1
1
25
2
1
15
1
4
2
6
2
1
2
1
3
2
1
6
6
2
2
3
1
1
4
3
2
2
5
4
6
6
1
1
3
1
1
2
6
1
2
1
2
2
1
1
2
1
4
1
21
8
8
3
6
1
3
2
1
5
2
7
5
1
1
2
3
1
4
2
5
2
2
2
1
3
1
2
3
2
2
3
7
2
2
4
13
1
3
2
1
1
4
2
15
1
7
1
4
2
1
3
3
2
2
2
1
1
1
8
6
1
3
2
2
4
1
6
2
1
3
1
3
3
2
1
2
1
1
1
1
4
1
1
1
2
1
4
2
4
21
1
1
1
1
1
4
39
4
1
3
5
1
1
3
2
14
6
2
79
8
5
1
4
10
1
5
4
1
5
2
1
1
4
1
4
1
5
1
2
1
2
2
1
1
3
1
1
1
1
3
3
2
2
1
1
4
3
1
1
1
1
5
1
8
1
1
1
3
3
1
3
1
2
11
1
1
2
4
2
2
2
1
1
2
2
1
1
1
1
1
7
4
4
4
15
1
1
1
2
4
2
9
3
2
1
2
28
1
1
3
1
11
6
7
2
9
55
2
14
2
10
8
1
3
2
4
2
4
2
17
3
4
3
2
1
4
2
5
22
3
4
3
2
1
4
2
4
2
10
7
3
2
1
4
2
1
5
1
3
2
4
5
4
10
2
2
1
2
1
4
2
2
4
3
4
2
2
7
4
2
2
2
2
2
2
1
2
2
6
1
1
2
7
7
5
1
3
52
1
3
6
1
2
2
4
1
11
3
2
2
4
2
3
4
4
1
2
2
2
5
1
1
2
2
3
2
4
6
9
1
4
8
2
10
13
1
1
2
9
2
26
2
9
2
12
3
3
2
4
2
3
2
2
1
1
1
1
1
2
10
2
1
2
2
2
5
1
10
2
6
2
2
1
2
2
1
2
1
3
3
1
1
6
2
2
2
2
1
3
34
2
1
24
4
2
2
2
2
4
2
2
2
1
10
5
1
1
8
7
4
1
6
4
1
4
1
2
1
4
10
1
1
1
1
1
21
11
1
2
2
3
1
1
1
1
5
2
1
1
6
1
2
1
1
3
1
1
3
1
1
1
1
1
1
2
1
2
1
2
1
1
1
1
1
1
2
1
1
1
1
2
1
1
1
1
1
2
2
1
1
1
1
2
4
3
2
1
1
1
1
1
2
1
1
2
1
1
2
15
11
1
2
1
1
1
1
1
10
1
1
1
2
3
1
4
1
2
10
2
2
5
2
3
1
2
2
1
1
2
1
7
7
1
6
1
1
2
1
1
1
5
1
1
1
1
3
1
1
1
3
1
9
1
4
1
1
1
1
1
1
2
1
7
2
3
6
1
3
1
3
3
1
1
2
2
2
2
18
2
2
4
2
2
8
2
2
6
4
4
4
2
2
15
2
2
1
9
6
2
5
4
2
2
2
1
4
10
6
1
17
10
2
1
8
2
4
5
3
37
3
4
9
1
1
2
10
9
2
7
12
2
2
4
7
2
9
4
2
2
2
5
1
4
1
1
5
2
2
1
2
16
3
3
13
1
21
2
3
3
2
8
1
2
5
2
1
6
1
34
9
6
1
2
16
2
12
34
1
10
5
4
29
2
2
2
1
2
1
4
1
3
1
3
6
1
2
5
3
1
7
1
1
1
4
13
4
4
5
4
1
1
2
1
2
24
3
3
1
4
1
1
1
3
2
7
2
2
2
4
4
2
2
2
4
2
2
8
3
3
6
2
1
1
1
1
15
12
1
12
2
1
1
2
2
1
1
2
1
2
1
1
1
1
1
2
1
1
1
2
5
3
2
59
1
2
11
6
2
1
2
1
2
1
8
2
5
2
8
3
3
1
2
1
3
10
4
46
1
1
1
1
1
1
1
1
1
2
1
1
7
1
3
2
2
1
3
15
7
13
2
3
1
3
54
2
2
2
14
2
4
12
5
10
1
3
1
10
1
6
17
5
1
1
6
1
7
2
2
4
1
3
2
2
2
1
14
2
3
2
9
6
3
1
2
8
3
6
15
1
2
2
2
1
2
2
11
4
4
2
1
2
1
1
2
1
2
2
3
1
1
2
6
2
3
4
1
3
4
3
6
2
2
2
14
4
4
1
4
7
2
16
3
1
5
3
1
5
1
5
2
2
1
6
4
4
2
1
2
7
1
3
5
6
1
2
3
1
3
5
4
3
2
2
3
2
2
2
2
2
1
2
2
8
4
2
2
2
2
1
2
1
2
2
1
1
4
1
1
2
2
1
5
1
1
2
4
1
2
1
1
2
1
1
1
3
1
1
1
2
2
1
2
1
10
1
1
1
1
1
3
1
1
5
1
2
1
2
1
1
4
2
4
2
1
1
2
4
1
1
3
2
1
2
1
4
1
3
2
2
2
1
1
1
1
1
2
1
2
1
1
2
3
1
5
1
3
7
1
1
3
2
1
4
5
1
1
2
4
2
1
6
4
1
15
2
2
48
1
1
1
1
1
1
1
8
1
3
1
2
1
3
1
1
4
1
1
1
1
1
1
2
3
2
9
1
1
1
10
1
1
1
1
1
1
16
1
1
2
1
4
1
5
2
1
1
2
1
1
1
1
1
1
1
1
5
1
7
1
1
1
2
8
5
2
1
1
7
1
2
1
1
1
4
1
1
1
1
1
1
4
2
1
2
10
6
4
2
2
3
21
2
2
4
4
57
2
6
7
6
2
2
10
9
1
39
8
1
4
2
1
1
11
2
3
1
1
1
1
2
1
1
1
1
3
8
2
1
2
3
2
5
1
3
5
4
1
1
2
1
1
2
1
4
2
2
2
29
10
2
3
10
1
1
1
1
1
2
1
1
2
1
1
1
1
1
1
3
1
1
2
1
1
1
1
1
1
25
2
1
1
4
3
17
1
1
6
1
1
1
3
2
4
1
4
2
1
1
1
1
1
2
2
2
2
7
2
2
40
3
4
2
2
2
2
4
4
3
10
6
4
2
2
6
2
1
1
6
2
1
22
8
2
1
4
3
1
1
1
1
1
1
3
1
1
1
4
2
1
1
2
1
1
3
1
1
6
2
2
1
1
2
1
2
1
2
4
18
2
1
3
1
1
1
2
9
6
1
2
1
9
2
1
1
4
1
1
2
2
3
1
1
3
1
1
2
2
2
2
1
1
1
1
1
1
1
1
2
1
1
2
1
1
4
3
2
1
1
2
1
3
1
1
3
1
1
1
1
2
2
1
1
1
1
1
4
1
3
1
3
1
5
2
1
2
1
2
2
2
2
2
4
2
2
10
4
1
1
1
2
1
2
3
2
1
2
1
1
1
2
4
1
7
5
2
1
1
2
2
4
3
6
2
1
3
2
2
1
1
1
1
1
1
3
1
1
1
1
5
1
3
2
8
2
6
6
14
2
7
3
2
1
2
2
2
1
1
1
2
2
5
1
2
1
2
2
1
1
1
2
1
3
3
5
2
1
2
1
1
1
2
3
4
3
2
1
4
1
4
1
1
5
2
15
5
1
13
1
1
1
1
2
3
20
1
1
1
2
9
1
1
2
5
5
1
1
1
2
1
1
1
3
2
2
2
1
4
1
1
1
1
1
7
1
1
1
4
1
3
2
7
1
2
2
4
2
1
1
1
2
4
1
2
1
2
3
2
1
2
1
2
6
3
9
2
2
1
2
4
2
1
2
2
1
3
5
2
2
2
2
2
2
8
2
2
2
2
4
2
5
2
1
2
1
1
1
2
1
2
2
1
1
6
1
8
2
4
1
1
2
2
1
3
2
1
1
4
1
1
3
2
6
4
4
1
2
3
1
2
2
2
2
4
3
22
2
2
1
4
2
2
2
8
12
3
2
2
3
2
3
2
1
4
1
1
1
1
1
1
1
1
1
3
2
5
3
3
1
4
11
52
1
1
3
1
3
2
12
8
3
1
2
1
1
1
1
1
2
2
1
1
2
4
1
2
1
1
1
1
1
2
1
1
2
2
1
1
1
1
2
1
8
4
1
1
1
2
1
2
1
1
3
1
2
1
1
1
1
2
1
2
1
1
1
1
1
1
3
2
2
2
6
4
8
2
2
2
4
6
7
2
8
3
2
2
4
3
1
1
2
8
2
4
6
32
2
4
2
2
2
1
3
4
2
2
10
2
2
4
13
5
2
4
6
4
10
4
2
2
2
2
2
6
2
2
2
2
2
7
6
6
10
1
1
8
7
10
6
12
1
3
11
3
1
1
1
5
1
1
1
1
1
1
9
2
12
1
1
6
1
1
1
1
1
1
1
2
5
1
1
3
1
1
1
1
1
1
4
2
2
1
8
1
2
1
2
5
2
1
3
1
1
1
1
1
1
1
1
1
3
1
1
1
2
1
1
2
1
1
2
1
2
1
1
1
1
1
1
1
2
1
1
1
2
1
1
1
1
3
1
2
1
3
2
1
1
1
3
1
1
1
15
1
1
2
1
1
1
75
1
1
1
1
3
1
10
1
1
1
1
1
1
1
3
4
3
2
7
1
1
3
1
3
2
3
1
1
2
1
7
3
4
1
2
3
2
4
3
4
4
2
1
5
1
14
1
3
1
2
6
3
2
4
3
6
5
4
7
1
2
10
1
22
8
2
5
3
14
2
28
4
5
1
1
2
3
2
4
4
6
6
8
14
2
2
1
13
25
32
29
2
4
1
24
2
19
2
2
2
2
3
1
1
1
1
4
1
1
2
1
1
1
1
1
6
1
1
1
1
1
1
1
1
1
1
4
1
1
1
1
4
1
1
1
3
1
6
1
1
1
2
27
3
2
1
1
6
3
2
8
1
7
4
3
1
1
1
1
3
1
1
1
3
1
1
3
1
2
1
3
3
7
1
1
1
2
3
1
3
1
2
2
4
3
1
4
6
13
3
10
4
3
10
7
6
13
6
7
4
1
1
4
7
3
4
1
1
1
1
8
2
1
1
1
2
13
2
1
1
1
2
1
1
1
1
2
1
1
1
4
5
2
4
3
6
3
3
4
2
2
3
1
2
1
3
2
2
2
1
2
1
2
1
2
2
1
9
3
2
2
2
2
1
1
2
2
2
1
1
8
1
2
5
1
7
1
6
7
5
3
1
1
8
1
1
2
5
1
2
4
2
3
2
1
1
2
1
1
6
2
7
1
10
1
3
8
1
1
1
10
1
8
1
2
1
1
2
1
1
1
3
1
1
1
1
1
1
1
6
1
1
1
1
2
2
23
6
1
2
6
5
1
2
2
2
1
1
2
1
3
6
2
6
1
1
4
2
3
1
6
2
1
2
3
1
2
1
2
2
3
5
2
2
4
2
1
2
1
8
3
1
1
1
5
3
2
1
6
2
1
1
1
4
1
5
4
3
1
3
2
4
5
1
6
2
4
3
2
1
1
2
2
2
1
7
1
6
1
1
3
8
1
2
1
12
3
9
2
2
2
2
1
6
5
6
4
1
3
2
2
5
6
2
2
1
4
1
2
2
7
3
1
2
3
2
1
2
1
3
1
3
1
2
2
1
1
21
1
2
1
1
4
8
3
1
1
1
2
2
2
4
2
2
45
4
2
1
2
1
2
4
7
3
1
4
4
1
1
1
1
2
1
1
2
1
4
9
2
1
2
2
1
6
2
3
1
4
2
6
6
1
1
1
1
2
2
2
2
4
2
2
8
2
1
6
6
1
2
2
2
2
2
1
1
2
2
2
1
2
2
4
2
2
2
4
2
7
2
3
4
3
2
2
2
1
1
1
3
1
1
1
1
1
1
1
2
3
1
1
1
3
2
5
2
1
1
1
1
29
1
29
3
1
1
1
1
1
1
1
1
1
1
3
1
1
1
2
1
3
2
2
2
1
2
1
2
1
1
1
4
1
1
7
1
1
2
1
1
1
2
1
1
1
3
1
1
1
3
5
1
2
1
4
1
4
1
3
1
2
3
1
1
4
1
1
2
1
5
4
1
1
1
1
4
1
1
1
2
1
1
2
2
2
2
2
1
2
15
1
4
3
4
2
2
3
1
4
2
2
1
4
7
3
2
4
2
2
4
1
2
2
7
2
2
1
4
2
4
1
17
2
2
1
2
3
6
4
2
2
7
2
4
1
1
1
1
2
1
2
2
3
2
2
1
2
4
1
1
4
1
2
2
2
1
2
1
2
2
2
8
2
24
15
1
1
2
2
1
22
1
1
2
2
1
1
1
1
1
1
5
6
2
2
5
2
2
4
1
1
1
1
1
2
1
1
1
1
4
3
1
1
1
3
1
1
1
1
1
2
3
2
4
1
1
1
1
1
1
2
4
2
4
3
1
1
4
2
11
2
1
2
7
1
2
2
4
2
3
2
1
2
5
2
2
1
5
1
1
18
4
2
4
1
2
1
13
4
1
1
2
1
1
1
2
1
1
1
1
1
1
2
2
2
1
2
1
2
18
1
1
26
2
2
1
2
2
2
1
11
4
1
4
4
9
2
4
1
2
16
4
1
2
2
2
1
1
4
5
8
16
2
10
2
1
5
2
1
6
6
2
6
2
3
1
2
1
2
4
1
1
1
1
2
1
3
2
2
3
2
1
2
1
1
2
3
1
1
1
2
3
2
2
1
5
2
6
8
1
2
1
4
1
5
1
2
3
2
2
1
1
2
5
2
1
2
2
6
2
2
1
2
1
1
4
2
2
4
4
3
1
1
4
3
1
1
1
1
1
1
1
2
6
1
1
1
1
1
6
2
1
1
1
5
1
4
6
2
2
1
2
2
2
1
2
2
2
1
4
8
1
10
1
2
1
32
4
3
2
3
3
2
2
1
2
1
1
1
2
16
2
2
11
1
3
2
2
1
1
1
3
2
1
5
2
2
4
7
2
1
1
2
4
4
2
2
2
1
2
1
1
2
1
2
2
2
1
2
1
2
13
1
2
1
2
1
2
2
2
1
14
2
1
1
2
2
1
1
1
2
1
2
3
1
1
8
1
2
2
1
1
1
4
1
1
4
1
2
1
1
1
2
1
1
2
1
1
1
2
1
1
1
1
1
1
1
1
1
1
1
1
1
1
2
2
3
2
2
5
2
4
5
2
2
2
12
2
2
4
5
10
2
2
2
2
8
3
4
2
2
2
2
2
2
4
2
2
6
1
1
4
1
1
1
1
1
1
1
1
1
1
1
1
6
1
1
1
1
1
1
1
1
1
1
1
1
1
1
1
1
1
1
1
1
1
1
1
1
1
1
1
1
1
1
1
1
1
1
1
1
1
1
1
1
1
1
1
1
1
1
1
1
1
1
1
1
1
1
1
1
1
1
1
1
1
1
1
1
1
1
1
2
1
1
1
1
1
1
1
1
1
1
1
1
1
1
1
1
1
1
1
1
1
4
1
1
2
1
1
1
1
1
1
1
1
1
1
1
1
1
1
1
1
1
1
1
1
1
1
1
1
1
1
1
1
1
1
1
1
1
1
1
1
1
1
1
1
1
1
1
1
1
2
1
1
1
1
13
1
1
1
1
1
1
1
1
2
2
1
1
3
4
1
7
1
1
2
3
1
1
1
1
1
1
1
1
2
2
2
1
1
2
3
4
1
1
1
4
1
1
1
5
3
1
1
1
2
3
2
1
1
1
1
1
1
1
1
38
1
2
1
10
5
9
3
2
2
2
1
1
2
1
1
19
1
2
1
3
3
2
2
2
13
1
1
2
1
5
2
2
2
2
2
2
2
4
2
1
1
1
1
1
2
2
1
2
13
1
1
2
1
1
1
2
1
1
1
2
5
5
1
1
5
1
1
1
2
1
1
1
1
1
1
3
2
3
1
1
1
2
1
2
3
1
2
2
2
2
1
1
1
1
1
1
1
1
1
2
1
2
1
1
1
1
1
1
1
1
2
3
2
2
1
1
2
1
2
1
1
4
1
1
10
4
2
2
1
1
2
2
1
1
2
1
3
1
1
4
1
1
2
1
1
1
1
1
1
5
1
1
5
1
1
2
1
1
1
5
2
1
1
1
1
9
1
1
4
1
1
1
1
1
1
1
1
2
5
2
1
1
2
1
1
2
1
1
1
1
1
1
2
1
3
1
1
2
1
1
5
2
4
1
1
8
10
1
1
2
2
1
1
2
1
1
1
1
1
1
1
1
1
3
1
1
3
1
2
3
13
2
7
2
2
1
2
1
1
1
1
1
1
1
2
1
1
1
3
7
3
2
1
1
6
2
2
1
16
1
7
7
2
1
1
6
25
1
1
1
1
1
1
1
1
2
1
1
3
1
1
1
1
1
1
3
3
1
5
1
1
1
1
4
1
1
1
1
1
1
1
1
1
1
1
1
1
1
1
1
1
1
1
4
2
1
2
1
3
2
3
4
2
2
4
2
2
2
4
2
2
2
1
2
1
1
1
4
1
2
1
4
1
1
1
1
1
1
2
2
1
2
2
1
1
2
1
1
2
11
1
1
1
1
1
1
1
1
2
1
1
1
1
2
1
3
1
1
1
2
1
2
1
4
2
2
2
1
4
1
5
2
3
2
2
2
2
4
1
1
4
3
1
2
2
1
1
16
1
2
14
2
1
49
2
2
1
1
1
1
2
2
11
1
1
1
1
1
2
1
1
6
1
2
1
1
1
1
1
1
1
1
1
1
2
2
2
1
1
1
3
1
2
4
1
6
1
1
2
2
1
2
1
2
3
4
1
1
3
1
1
2
15
8
2
1
2
8
2
1
2
2
2
1
1
2
1
1
1
1
1
81
3
3
1
2
5
1
1
6
1
20
3
2
1
12
1
1
1
1
1
1
4
1
2
2
1
2
2
2
3
6
2
3
1
1
1
1
2
2
2
2
2
1
2
1
1
1
1
1
1
1
4
2
1
2
1
1
7
4
1
1
8
1
1
13
1
1
4
1
1
1
2
2
1
1
4
1
1
1
1
1
1
1
1
1
1
5
1
1
5
3
2
1
1
3
2
2
1
1
3
7
12
1
2
1
1
1
2
7
1
1
1
2
14
1
1
1
1
3
2
1
1
1
1
1
1
1
1
1
1
1
1
3
2
1
1
8
1
3
1
1
5
5
1
1
1
5
1
5
5
1
5
1
1
1
5
1
1
5
1
1
2
1
5
2
1
1
5
5
1
5
5
1
1
1
2
1
1
1
1
1
1
5
5
5
3
1
1
1
1
5
1
1
1
1
1
2
5
5
5
1
1
5
10
5
5
5
5
1
1
1
1
5
1
5
1
1
1
2
1
1
1
1
5
1
1
1
1
1
5
1
1
1
1
1
1
2
2
1
1
1
1
1
2
1
1
3
2
6
2
3
7
3
10
1
5
2
2
4
1
4
1
1
1
1
1
1
2
1
1
1
1
3
4
1
1
1
1
1
1
2
7
13
8
8
1
2
14
6
2
3
2
2
1
1
1
1
1
1
1
1
1
1
3
1
1
1
1
1
72
2
1
1
1
1
1
1
7
1
7
4
3
5
2
1
1
2
1
1
5
1
4
1
1
1
1
2
1
3
1
1
1
2
1
1
1
2
3
1
1
1
1
1
1
1
1
1
1
1
1
1
3
1
1
1
2
1
1
4
4
2
1
3
2
1
1
1
1
1
1
1
1
1
1
1
2
1
2
5
2
2
3
2
1
1
1
6
3
1
2
1
1
1
3
1
2
1
1
1
1
1
1
1
3
1
5
2
1
4
1
2
1
6
1
2
1
1
6
2
2
1
1
1
1
1
3
1
1
1
1
2
2
1
1
3
1
1
1
1
2
2
1
1
2
1
2
2
2
1
2
11
1
1
2
1
1
1
3
1
1
1
1
2
2
1
1
1
1
7
1
2
1
1
3
1
1
2
1
1
1
3
1
1
2
9
1
1
1
1
1
1
10
1
2
1
5
1
2
1
2
1
3
1
1
1
1
1
1
4
1
2
3
1
1
1
1
1
1
7
2
1
1
1
1
1
5
1
1
2
1
1
4
2
1
2
1
1
2
2
12
5
1
1
1
2
1
3
1
1
1
1
1
1
1
1
1
4
3
1
1
1
1
1
1
1
1
1
1
1
1
1
3
2
1
1
1
1
1
2
1
1
6
1
2
2
1
1
1
3
1
1
1
1
1
1
4
1
1
1
1
1
5
1
1
1
2
2
1
1
1
1
1
1
1
1
1
1
2
1
1
1
1
1
1
2
1
3
1
3
3
1
2
40
2
1
1
1
1
3
1
3
2
2
1
1
1
1
1
2
1
1
1
1
1
1
8
2
1
1
1
5
1
1
1
2
2
1
1
2
2
1
3
2
6
1
2
1
2
1
2
1
1
1
1
1
1
1
1
1
1
1
1
1
1
4
1
3
1
6
1
1
3
1
1
5
2
2
3
1
1
1
1
3
1
6
1
1
1
2
3
2
4
2
1
2
2
1
2
1
1
1
1
2
2
1
4
2
2
1
1
3
1
1
2
2
1
1
1
1
1
1
1
1
1
1
2
2
20
2
2
2
2
1
1
2
1
1
2
2
1
2
1
1
4
2
2
1
1
2
1
1
1
2
1
1
1
1
1
1
1
2
1
1
1
1
1
1
1
11
1
2
2
1
1
1
2
1
1
1
1
1
1
1
1
3
1
1
1
1
1
1
16
1
1
1
1
1
2
1
1
1
1
1
1
1
1
1
5
1
1
1
4
1
1
1
1
1
3
2
1
1
1
2
1
1
3
1
1
1
1
7
1
1
1
6
4
7
1
1
1
1
2
21
1
1
1
1
1
1
1
9
1
3
3
4
1
1
1
1
2
1
1
1
2
1
1
2
5
1
1
1
2
1
1
1
1
3
3
5
3
5
1
1
7
5
2
1
1
2
1
1
1
1
1
3
1
1
2
1
16
1
3
1
1
1
1
1
1
1
2
1
1
1
1
1
1
2
1
7
1
1
2
1
1
1
2
1
1
1
1
1
1
2
1
1
1
1
1
1
1
1
1
6
1
1
1
1
1
1
1
1
1
1
1
1
2
1
1
2
1
2
1
5
1
1
1
2
1
1
1
1
1
1
3
2
1
1
1
1
1
1
1
1
3
1
1
2
4
1
1
2
2
1
1
3
1
1
1
2
1
2
1
1
2
2
1
1
2
1
3
1
1
1
2
2
1
1
2
2
1
1
3
1
1
3
1
1
1
1
1
1
1
1
1
1
1
2
1
1
2
1
2
1
2
1
1
1
1
1
1
1
2
1
1
1
1
1
1
1
1
1
2
1
1
1
2
2
1
2
1
1
3
1
1
1
1
1
1
1
1
1
1
1
1
1
1
1
1
1
1
1
1
4
1
2
2
4
4
6
1
3
9
2
1
2
3
1
4
3
1
1
7
3
1
2
1
2
4
1
7
16
1
2
1
1
3
7
1
1
1
2
1
1
3
1
2
4
1
2
2
20
1
1
1
2
6
16
1
1
1
1
1
1
2
1
1
1
1
1
1
1
1
1
1
1
3
1
1
1
7
1
1
1
4
1
1
1
1
1
2
1
2
1
1
1
1
1
1
1
1
1
1
1
1
1
1
2
9
1
2
2
4
1
14
1
6
2
8
2
3
1
3
1
1
1
1
4
1
1
1
1
1
2
3
4
1
8
5
1
1
2
1
1
5
2
1
1
1
1
2
1
6
1
1
1
1
1
1
1
3
1
1
3
1
1
1
1
1
1
1
1
1
1
1
1
1
1
1
1
1
1
3
5
1
1
1
1
1
1
1
1
1
1
1
1
5
1
2
1
1
1
1
2
1
4
9
1
1
5
1
1
1
1
1
3
1
1
2
1
1
1
1
2
3
1
1
1
5
1
1
1
3
1
1
1
2
1
1
3
1
1
2
1
2
1
1
1
1
1
1
1
1
1
2
1
1
2
1
1
1
1
1
1
1
1
2
1
1
1
1
1
1
1
1
1
1
1
1
1
1
1
8
6
1
1
2
1
3
1
2
1
2
1
3
2
1
2
1
1
1
1
2
1
3
1
1
2
1
1
2
1
1
1
1
1
4
1
1
1
1
1
6
1
3
2
1
1
1
2
1
1
1
1
2
2
2
1
2
1
1
1
1
1
1
1
1
2
1
2
1
1
1
2
2
1
1
1
1
2
2
1
1
1
1
1
1
1
2
1
1
1
1
1
1
1
2
2
1
1
1
1
1
3
1
1
1
1
1
1
1
1
1
1
1
1
1
2
3
1
1
1
4
1
1
2
1
1
1
1
1
1
1
1
1
1
1
1
1
2
1
1
1
1
1
6
1
1
1
1
1
1
1
1
16
1
2
2
1
1
1
1
1
1
1
4
1
1
2
1
1
4
1
2
1
1
4
1
1
2
1
2
1
1
1
1
1
1
2
2
1
1
1
1
1
1
1
2
2
1
1
1
1
2
1
1
1
2
1
1
1
1
1
2
1
1
3
2
1
2
1
1
1
1
1
1
1
1
1
1
1
1
1
11
1
2
2
1
1
2
2
1
1
1
1
1
1
1
2
1
1
1
1
1
1
2
1
1
1
1
1
1
1
1
1
2
1
2
1
1
2
1
1
1
3
2
1
1
2
1
2
1
1
1
1
1
1
1
1
1
1
1
2
1
2
1
1
1
2
1
1
1
1
2
6
1
1
1
1
1
1
2
1
1
1
1
1
1
1
1
1
1
2
1
1
1
1
1
1
1
1
2
1
1
1
2
1
1
1
1
1
1
1
1
1
1
3
1
2
1
1
1
1
1
1
1
1
3
1
2
1
1
1
1
2
1
1
2
2
1
1
1
1
2
1
1
1
1
1
2
1
1
2
1
1
2
2
1
1
1
1
2
2
1
1
1
1
1
1
1
2
1
1
1
1
1
1
1
4
1
1
1
3
1
1
6
1
1
1
1
1
