871
210
137
155
2696
683
612
649
1431
255
560
430
1944
834
2207
1398
347
789
309
2795
1030
1242
771
1268
598
356
1140
11955
895
2171
675
286
446
1384
1087
679
1833
2850
338
751
2691
927
867
1670
384
2349
709
72
40
234
874
712
905
770
8913
626
1017
491
1465
227
811
315
307
559
340
827
8348
729
1302
218
642
2183
5438
310
13573
503
974
15246
1375
1243
1909
328
9427
374
1004
950
1413
595
1424
1663
922
1166
190
1466
232
2456
5910
1100
1334
840
3057
1457
1521
1865
860
1352
2823
65
1483
263
291
907
219
1508
453
1901
1602
241
212
421
593
255
556
1489
419
1411
705
288
676
720
2318
1645
676
161
305
1175
2156
4269
302
697
3259
705
1447
1002
1292
1212
1210
166
982
2265
5978
808
205
285
696
384
2221
2668
793
500
2680
1321
1373
4131
421
718
1077
932
1514
652
1686
800
1091
7620
113
273
506
841
1860
1004
147
1070
944
304
306
699
2147
787
1709
462
670
1178
1176
248
522
263
471
1235
1291
2080
222
576
360
669
180
288
87
62
448
1491
1304
796
949
1274
1010
2237
405
947
4
648
212
324
1682
1998
1309
497
1410
702
927
493
545
7684
433
1675
678
331
320
9117
1228
321
1184
772
1167
398
362
3659
3392
92
746
138
50
8295
257
178
296
150
716
10993
1918
657
2649
20371
219
1482
730
1681
5610
1330
677
1033
1556
8060
1732
475
2833
671
159
828
8146
12132
1176
258
315
990
740
647
7090
326
344
7431
642
121
858
467
382
1493
788
2669
1839
667
1677
1899
2279
300
218
847
669
1663
6293
813
293
1936
196
1980
884
371
237
1428
1190
408
759
1965
1568
156
1437
12956
589
1283
2788
1794
1209
2194
698
2305
1493
351
471
98
1364
227
21116
778
263
313
417
6895
1030
519
963
1658
598
1252
1194
1001
326
1173
3345
8719
1030
8328
191
510
191
1513
1633
686
802
13394
1320
425
6326
797
1553
1794
891
970
2159
1917
975
6878
226
2327
7620
939
264
600
337
6348
1933
312
1821
8845
882
719
1079
83
980
967
679
234
314
1592
2580
286
1353
911
20631
1426
1258
572
1178
1812
2009
130
236
501
801
692
1442
3503
374
67
785
1286
23
1408
373
291
735
1541
738
1868
6699
1037
979
1605
438
1729
476
870
1524
1256
442
658
735
6106
936
1709
1915
2562
348
2674
3536
7502
189
599
203
2897
4540
186
194
613
671
1755
1467
117
661
288
250
1233
995
1639
625
3348
14868
1000
337
2360
234
629
1171
764
1635
895
36349
1000
1812
1271
134
1749
774
6216
175
830
2104
1287
387
377
1180
1422
2025
1513
671
526
754
1691
388
290
574
12908
558
876
340
264
569
2069
424
1348
945
2329
127
1517
1817
1300
303
957
1718
871
182
4740
514
2298
475
14162
49
1208
202
924
229
1604
571
1096
405
298
2233
242
400
633
1309
401
1044
1205
747
686
2680
682
208
1043
1769
734
12536
1303
323
810
787
821
505
513
5958
1313
1022
3897
314
246
1041
207
1851
1485
9
2179
234
1358
228
2631
879
1051
13741
297
889
1153
1174
67
8463
585
7284
590
675
1232
3051
3182
8989
16
2148
511
267
596
486
164
1468
616
5469
2329
4
565
1086
470
671
1367
529
850
292
4228
1326
414
857
595
1542
666
131
520
1128
2631
7861
674
1172
2039
1907
270
993
292
168
603
7114
774
500
38
532
854
312
641
640
7738
692
190
930
22376
1268
2748
142
380
379
23018
1533
919
387
184
1640
305
297
634
847
1780
603
2309
787
3115
518
2268
107
1820
478
1383
5543
1231
2670
339
148
1095
479
861
844
3320
2425
189
846
3240
970
886
197
1353
350
2273
726
358
1106
366
1442
673
862
235
653
711
370
1153
966
1881
752
2237
1335
1320
814
1002
438
657
1873
3330
3512
450
425
311
2329
1639
595
654
11830
613
1359
654
1054
1461
241
524
383
1288
474
594
2241
68
3105
617
324
210
203
84
1830
1132
664
106
866
944
1550
38
303
342
3522
448
2217
1074
1226
5646
2881
1419
1880
1282
869
417
1563
1329
1087
10558
809
1035
374
607
1448
1224
123
114
776
230
829
1143
624
906
1991
